19.4641
19.5608
19.4808
19.5965
19.4864
19.5338
19.5255
19.4993
19.5384
19.5486
19.5382
19.5694
19.4906
19.4489
19.4117
19.5517
19.5401
19.4739
19.4476
19.4661
19.4619
19.537
19.5035
19.5354
19.5067
19.5472
19.556
19.4737
19.5064
19.5063
19.5421
19.4701
19.4899
19.5137
19.5723
19.4955
19.5486
19.4861
19.5304
19.4887
19.527
19.5594
19.4511
19.4858
19.5639
19.4663
19.5688
19.5033
19.5316
19.5447
19.5867
19.4888
19.4689
19.4525
19.5433
19.6056
19.505
19.5422
19.4861
19.4872
19.5889
19.5253
19.5529
19.5267
19.4678
19.505
19.5186
19.5456
19.4877
19.5233
19.5692
19.4723
19.4739
19.4619
19.5129
19.5584
19.5917
19.462
19.4651
19.4803
19.5631
19.5163
19.5387
19.5155
19.5314
19.4524
19.4864
19.4924
19.5212
19.5164
19.5064
19.5057
19.522
19.521
19.5313
19.4569
19.5695
19.5046
19.4942
19.5614
19.4935
19.444
19.5644
19.5081
19.5279
19.5848
19.5459
19.5349
19.5162
19.4799
19.5386
19.5267
19.4918
19.5804
19.5054
19.4921
19.4281
19.5645
19.5385
19.5353
19.4441
19.5219
19.5509
19.5405
19.5125
19.5493
19.5695
19.4764
19.498
19.5728
19.5416
19.5641
19.5394
19.4881
19.4467
19.5778
19.5915
19.5082
19.4554
19.6131
19.4936
19.5126
19.5537
19.5245
19.3863
19.453
19.4759
19.4627
19.462
19.5368
19.4589
19.4892
19.4983
19.4911
19.5393
19.5233
19.5134
19.5094
19.5338
19.5549
19.6266
19.4123
19.4474
19.5136
19.4938
19.6546
19.5564
19.536
19.4787
19.4444
19.5859
19.5691
19.4588
19.591
19.5246
19.5295
19.4664
19.4194
19.5908
19.4839
19.5195
19.563
19.5098
19.5821
19.4244
19.4904
19.465
19.4708
19.5476
19.5308
19.5049
19.4857
19.5837
19.6057
19.5229
19.4547
19.491
19.5605
19.5067
19.532
19.5057
19.527
19.5325
19.536
19.4823
19.5711
19.4754
19.6031
19.5166
19.5193
19.5131
19.5325
19.5577
19.6456
19.4942
19.5445
19.5295
19.5396
19.473
19.5423
19.4721
19.5492
19.4767
19.5355
19.578
19.4966
19.554
19.5507
19.5332
19.5427
19.4723
19.5658
19.5059
19.5373
19.5878
19.566
19.4868
19.4691
19.5283
19.5104
19.5146
19.5248
19.525
19.6136
19.5458
19.4984
19.4017
19.5316
19.6031
19.4757
19.4893
19.5883
19.5841
19.5175
19.5336
19.5489
19.4927
19.5686
19.5239
19.5946
19.5297
19.5455
19.5139
19.5736
19.5521
19.4888
19.5586
19.5904
19.5324
19.5543
19.5355
19.5242
19.4912
19.4972
19.4455
19.5293
19.4455
19.5065
19.5712
19.4748
19.5823
19.4907
19.5515
19.564
19.5828
19.5363
19.4995
19.4771
19.5456
19.5227
19.5097
19.487
19.6282
19.6202
19.5771
19.4766
19.522
19.5614
19.5116
19.5165
19.4531
19.543
19.4506
19.5735
19.524
19.5835
19.438
19.5316
19.4915
19.5663
19.5097
19.5165
19.5452
19.5806
19.6054
19.5148
19.462
19.525
19.6007
19.5376
19.4878
19.4655
19.5621
19.5275
19.4643
19.4164
19.5237
19.5005
19.5673
19.5471
19.5506
19.532
19.5049
19.5508
19.5165
19.4789
19.4707
19.5521
19.6379
19.5047
19.5415
19.5419
19.4756
19.5174
19.4902
19.5107
19.5081
19.6342
19.4976
19.5467
19.5339
19.6097
19.4738
19.5132
19.4964
19.4563
19.5417
19.5066
19.5533
19.5269
19.5088
19.4777
19.5097
19.5534
19.503
19.4896
19.5035
19.4984
19.5139
19.4748
19.4897
19.4736
19.5438
19.4685
19.4942
19.5126
19.5148
19.582
19.5439
19.5931
19.5721
19.4978
19.5217
19.4705
19.5213
19.5656
19.4865
19.5685
19.5367
19.5381
19.5691
19.5106
19.4926
19.4146
19.5055
19.5728
19.5428
19.5967
19.6073
19.5273
19.5208
19.4651
19.5543
19.4015
19.539
19.502
19.4645
19.4601
19.5311
19.5247
19.5002
19.5457
19.5228
19.4662
19.4876
19.5059
19.5168
19.4108
19.5537
19.5652
19.5678
19.473
19.4589
19.5037
19.5073
19.579
19.4786
19.5604
19.5239
19.4999
19.5371
19.4869
19.4609
19.4114
19.5708
19.5165
19.4795
19.4808
19.4995
19.4585
19.5276
19.4819
19.4383
19.513
19.5957
19.4565
19.5271
19.4893
19.5665
19.5593
19.5435
19.5246
19.4894
19.5537
19.576
19.5122
19.5472
19.5516
19.5554
19.5272
19.4688
19.5267
19.5704
19.5421
19.5203
19.4694
19.559
19.4699
19.492
19.4883
19.5357
19.5658
19.5419
19.497
19.5864
19.538
19.5953
19.4937
19.4984
19.5324
19.5839
19.5794
19.5813
19.5649
19.4699
19.4824
19.5475
19.4995
19.5582
19.5359
19.4762
19.471
19.5488
19.5431
19.5011
19.4956
19.5642
19.5019
19.456
19.4541
19.5689
19.5165
19.497
19.5795
19.5095
19.5238
19.6108
19.5142
19.587
19.5379
19.5495
19.4896
19.4762
19.4704
19.6233
19.5053
19.5202
19.5238
19.5565
19.5687
19.4555
19.4801
19.5021
19.5016
19.5492
19.5371
19.5568
19.5218
19.5248
19.504
19.4932
19.5668
19.4956
19.574
19.5234
19.4776
19.4736
19.5213
19.5364
19.5584
19.5319
19.4817
19.5265
19.5145
19.4952
19.4536
19.5258
19.5351
19.4572
19.5766
19.5201
19.5499
19.5278
19.4783
19.5309
19.6115
19.4483
19.5147
19.4967
19.4724
19.5915
19.59
19.5559
19.5034
19.5091
19.5359
19.5326
19.4775
19.4937
19.495
19.5219
19.5913
19.5087
19.5091
19.5257
19.5041
19.4648
19.5697
19.5661
19.4473
19.5474
19.5247
19.4995
19.4992
19.4645
19.4517
19.5449
19.5473
19.5519
19.5492
19.6058
19.5736
19.5149
19.5438
19.5196
19.5542
19.6086
19.476
19.4903
19.5688
19.525
19.5273
19.5275
19.4804
19.5755
19.5518
19.5587
19.5357
19.4939
19.4785
19.547
19.4748
19.5261
19.5673
19.5117
19.5606
19.5706
19.524
19.589
19.6255
19.558
19.5477
19.5703
19.484
19.5398
19.4884
19.5325
19.5414
19.5818
19.5233
19.5484
19.4776
19.565
19.5367
19.5298
19.5325
19.5441
19.4933
19.4697
19.5376
19.5615
19.5691
19.5525
19.5241
19.4852
19.5259
19.4459
19.5609
19.5658
19.5988
19.4749
19.4643
19.5414
19.5318
19.6203
19.4756
19.5275
19.5179
19.5079
19.4575
19.5558
19.5419
19.5259
19.4944
19.5834
19.5017
19.5112
19.5849
19.5926
19.5173
19.4553
19.5067
19.5385
19.5633
19.5679
19.533
19.4931
19.4948
19.5055
19.5499
19.4993
19.4521
19.4453
19.4954
19.472
19.478
19.5493
19.5774
19.5652
19.484
19.4655
19.5333
19.5507
19.5382
19.5099
19.5715
19.5404
19.5461
19.4196
19.4956
19.4522
19.5214
19.527
19.5579
19.512
19.508
19.5695
19.5583
19.4831
19.4425
19.5355
19.5706
19.4884
19.5515
19.497
19.5342
19.5013
19.5558
19.5744
19.5894
19.5399
19.5338
19.5363
19.4668
19.5469
19.5493
19.5353
19.544
19.5006
19.5458
19.5783
19.5009
19.5211
19.5055
19.5148
19.4663
19.528
19.4491
19.4425
19.5053
19.5604
19.5559
19.6318
19.6
19.4528
19.5067
19.4955
19.4894
19.5759
19.4507
19.524
19.5116
19.5713
19.4717
19.4882
19.5361
19.5258
19.5167
19.5387
19.4724
19.5172
19.5318
19.5732
19.5258
19.5391
19.5098
19.5577
19.5854
19.5102
19.5396
19.4847
19.4803
19.4273
19.4989
19.4955
19.4732
19.5053
19.403
19.4692
19.4755
19.5235
19.4493
19.5336
19.4153
19.5825
19.446
19.5069
19.4852
19.5671
19.4629
19.5459
19.4479
19.4931
19.5483
19.5158
19.5654
19.5594
19.4681
19.5521
19.537
19.5157
19.537
19.5835
19.5304
19.4964
19.5424
19.5623
19.5224
19.4578
19.5184
19.5729
19.5116
19.6293
19.4825
19.4082
19.5422
19.5121
19.3837
19.5337
19.5407
19.5411
19.5479
19.5175
19.5293
19.4405
19.4585
19.5028
19.5171
19.4967
19.5244
19.521
19.5343
19.6017
19.464
19.4599
19.5063
19.4193
19.5365
19.5821
19.5653
19.6058
19.4413
19.5303
19.5013
19.5768
19.5671
19.5226
19.55
19.5659
19.5484
19.5761
19.4415
19.4944
19.5027
19.4904
19.4727
19.4694
19.4509
19.5621
19.6359
19.5714
19.51
19.5309
19.4918
19.4813
19.5692
19.5075
19.5777
19.4692
19.5629
19.5226
19.6814
19.4892
19.5034
19.4155
19.5496
19.4796
19.4781
19.4733
19.4994
19.538
19.5097
19.5022
19.6061
19.5527
19.5907
19.5305
19.5183
19.4841
19.4542
19.5149
19.5644
19.5128
19.5919
19.5359
19.5611
19.4888
19.5644
19.506
19.4598
19.5508
19.5184
19.5283
19.5461
19.479
19.4392
19.4775
19.513
19.5595
19.5575
19.5109
19.5009
19.5399
19.5562
19.5407
19.4382
19.5115
19.5182
19.4086
19.5238
19.5605
19.5484
19.5242
19.4564
19.5237
19.5187
19.4706
19.5547
19.504
19.4503
19.4776
19.575
19.5915
19.5766
19.4887
19.5404
19.5178
19.5164
19.4876
19.5679
19.5843
19.4894
19.519
19.4782
19.4982
19.4551
19.6391
19.5502
19.581
19.5238
19.4037
19.5734
19.5036
19.5168
19.4689
19.4705
19.4585
19.5488
19.5416
19.4837
19.5373
19.5198
19.5513
19.5337
19.5483
19.5679
19.56
19.5075
19.4389
19.536
19.4307
19.5282
19.4689
19.5798
19.4187
19.6261
19.5063
19.5171
19.4535
19.5185
19.4546
19.5242
19.5454
19.5331
19.5678
19.5513
19.5332
19.5643
19.5094
19.4677
19.5327
19.5439
19.5006
19.5047
19.5254
19.5182
19.4976
19.5889
19.5271
19.4949
19.5108
19.6076
19.5853
19.4556
19.4996
19.4444
19.5271
19.4038
19.5645
19.566
19.5679
19.5305
19.5411
19.4726
19.5944
19.4806
19.6205
19.5016
19.48
19.5944
19.549
19.5343
19.5192
19.4399
19.4182
19.5308
19.6129
19.5797
19.5284
19.5988
19.5594
19.5159
19.5273
19.4995
19.5945
19.4766
19.437
19.4496
19.4942
19.4795
19.5559
19.5463
19.5716
19.5605
19.4919
19.4983
19.5269
19.5669
19.5161
19.4838
19.511
19.47
19.51
19.5464
19.5778
19.4867
19.4527
19.549
19.4279
19.6251
19.5482
19.5133
19.4987
19.5217
19.5292
19.4714
19.4541
19.5147
19.5467
19.5396
19.4617
19.486
19.5136
19.6513
19.4436
19.4886
19.4552
19.5291
19.5218
19.5199
19.5496
19.4718
19.4648
19.6213
19.48
19.5272
19.5093
19.5906
19.5046
19.5176
19.4782
19.4911
19.4864
19.576
19.4707
19.6422
19.5274
19.5899
19.5268
19.5378
19.5433
19.4597
19.4991
19.5239
19.507
19.5298
19.4706
19.5235
19.4824
19.4958
19.4678
19.5167
19.4591
19.6081
19.4881
19.4731
19.5642
19.488
19.5707
19.5269
19.5353
19.5602
19.3997
19.5407
19.5029
19.479
19.5794
19.5604
19.4542
19.495
19.5603
19.6078
19.5092
19.5299
19.4141
19.614
19.5371
19.5116
19.485
19.5656
19.4798
19.5571
19.5119
19.4935
19.5441
19.5751
19.543
19.5992
19.518
19.5565
19.4778
19.5488
19.5531
19.5741
19.5672
19.5493
19.5255
19.5817
19.5726
19.4639
19.5502
19.4985
19.5606
19.548
19.5071
19.5459
19.548
19.4704
19.4996
19.5457
19.4663
19.4759
19.5772
19.5082
19.5646
19.5458
19.5306
19.4653
19.5281
19.5121
19.4841
19.5301
19.5525
19.4638
19.5664
19.4418
19.5457
19.5509
19.5449
19.4569
19.4926
19.4659
19.4724
19.4153
19.4975
19.5059
19.4551
19.5262
19.5944
19.5709
19.5395
19.5388
19.3928
19.4338
19.4656
19.4931
19.6205
19.5009
19.5711
19.5674
19.5606
19.5916
19.603
19.5115
19.4807
19.4837
19.513
19.5358
19.4823
19.4955
19.5854
19.542
19.5581
19.4805
19.4724
19.5731
19.546
19.5402
19.5341
19.4769
19.5308
19.4954
19.5521
19.4787
19.5738
19.4933
19.5242
19.6003
19.4998
19.5265
19.5253
19.5397
19.5771
19.607
19.5566
19.4821
19.4417
19.4756
19.47
19.5492
19.5852
19.5296
19.5029
19.4421
19.5384
19.5605
19.5481
19.4707
19.5818
19.5502
19.4733
19.507
19.5672
19.4567
19.4949
19.5203
19.4835
19.5212
19.513
19.4237
19.5248
19.5173
19.6014
19.5751
19.4751
19.522
19.5431
19.4805
19.4936
19.4948
19.5468
19.4725
19.4725
19.4561
19.5262
19.5883
19.4632
19.4898
19.5143
19.4894
19.5173
19.5224
19.494
19.5605
19.4352
19.4589
19.574
19.6011
19.5523
19.5198
19.5459
19.5138
19.5125
19.435
19.5279
19.5993
19.4773
19.5534
19.6635
19.4607
19.5026
19.5862
19.5191
19.5647
19.5789
19.566
19.506
19.4246
19.5941
19.5023
19.5202
19.4394
19.5814
19.5301
19.4921
19.5457
19.4614
19.4894
19.4573
19.5828
19.5284
19.579
19.5359
19.464
19.5569
19.5269
19.5167
19.5408
19.5256
19.4754
19.5004
19.445
19.5808
19.5926
19.5477
19.5746
19.4975
19.531
19.5464
19.5283
19.521
19.5119
19.4433
19.5434
19.4857
19.4242
19.464
19.5129
19.5379
19.4627
19.5104
19.4641
19.5616
19.5569
19.4908
19.4397
19.5676
19.5228
19.5632
19.5139
19.5491
19.5273
19.5744
19.5018
19.4944
19.5261
19.4978
19.5016
19.5388
19.4836
19.4811
19.4989
19.4428
19.5271
19.4684
19.5023
19.4823
19.5048
19.5112
19.5887
19.4596
19.5821
19.4996
19.5334
19.5576
19.509
19.4782
19.492
19.4631
19.6038
19.4932
19.5571
19.4346
19.4639
19.4719
19.5494
19.4866
19.4277
19.523
19.568
19.6123
19.5755
19.5627
19.4965
19.5413
19.466
19.5289
19.4934
19.5586
19.5852
19.5128
19.547
19.5007
19.5093
19.4631
19.4913
19.5254
19.4607
19.4469
19.5449
19.5533
19.4656
19.4971
19.4701
19.5669
19.6591
19.5142
19.5347
19.5045
19.473
19.6072
19.5896
19.5156
19.4731
19.5627
19.4949
19.4966
19.466
19.4917
19.4213
19.5392
19.5523
19.5992
19.4872
19.4762
19.4994
19.5818
19.4997
19.6283
19.5002
19.5292
19.541
19.5322
19.4696
19.5299
19.4722
19.5776
19.5245
19.5937
19.5828
19.4991
19.4471
19.5244
19.5181
19.5044
19.4832
19.5123
19.4748
19.4744
19.5692
19.4713
19.4615
19.4863
19.6093
19.5792
19.5591
19.596
19.473
19.6263
19.5449
19.5139
19.5194
19.526
19.4421
19.5555
19.541
19.535
19.5546
19.5282
19.4512
19.5306
19.4733
19.4624
19.5072
19.4755
19.5599
19.525
19.4747
19.5103
19.4869
19.4507
19.6024
19.5397
19.4697
19.4538
19.4542
19.5508
19.504
19.5305
19.4748
19.5437
19.495
19.4124
19.5106
19.5086
19.4573
19.5141
19.5336
19.5021
19.5052
19.4775
19.6097
19.5137
19.564
19.5703
19.5906
19.5336
19.5492
19.4522
19.4711
19.5292
19.4501
19.5552
19.5174
19.5631
19.4865
19.4997
19.5711
19.4461
19.5972
19.5728
19.4926
19.5448
19.5521
19.5399
19.4182
19.5245
19.4547
19.5335
19.5041
19.4772
19.5283
19.6314
19.4919
19.6521
19.5539
19.5962
19.4795
19.4625
19.3881
19.6375
19.4638
19.4987
19.5132
19.6095
19.5125
19.5107
19.479
19.4588
19.4492
19.4996
19.4601
19.4424
19.5695
19.5167
19.6204
19.5188
19.5312
19.4995
19.5351
19.602
19.5135
19.5418
19.4719
19.5203
19.4534
19.5179
19.4646
19.5536
19.583
19.4667
19.4952
19.529
19.6076
19.4533
19.565
19.5236
19.4992
19.4902
19.5435
19.5467
19.5105
19.5099
19.5059
19.4354
19.5541
19.5399
19.5408
19.5022
19.5473
19.4815
19.5205
19.5211
19.501
19.5512
19.5739
19.5027
19.4997
19.5218
19.5315
19.4402
19.544
19.5181
19.5152
19.4861
19.4848
19.5291
19.5477
19.5591
19.4892
19.5377
19.4934
19.4831
19.6152
19.4867
19.4796
19.5351
19.5306
19.5503
19.5529
19.4752
19.4757
19.5039
19.5953
19.52
19.4997
19.5496
19.5337
19.559
19.4941
19.495
19.5312
19.5032
19.4647
19.522
19.5864
19.5008
19.5187
19.4873
19.5276
19.5667
19.4546
19.5157
19.6254
19.5305
19.5522
19.5222
19.517
19.5205
19.4727
19.528
19.5433
19.5216
19.6044
19.5463
19.4946
19.5086
19.579
19.4625
19.5888
19.458
19.5022
19.4537
19.5429
19.5533
19.4727
19.5506
19.5196
19.568
19.5408
19.5174
19.4908
19.5669
19.4634
19.5919
19.4892
19.4775
19.5367
19.4547
19.5177
19.5214
19.4757
19.4896
19.4912
19.5142
19.4593
19.5319
19.5001
19.5381
19.4645
19.5309
19.5198
19.5232
19.4279
19.5705
19.487
19.5289
19.4704
19.4367
19.4924
19.464
19.4224
19.4655
19.4823
19.484
19.5549
19.5081
19.6054
19.5379
19.4852
19.4908
19.4914
19.4913
19.4971
19.4899
19.4783
19.5183
19.519
19.4409
19.5763
19.5477
19.4784
19.542
19.5751
19.5521
19.5225
19.5246
19.4932
19.5607
19.5696
19.5125
19.5555
19.5329
19.4932
19.5086
19.4637
19.519
19.6048
19.4766
19.4766
19.4866
19.5782
19.4894
19.443
19.5583
19.5154
19.4776
19.5593
19.5036
19.4886
19.5013
19.4952
19.4791
19.5154
19.5705
19.516
19.4942
19.5636
19.5436
19.6189
19.4994
19.5575
19.5366
19.5577
19.5329
19.4791
19.5264
19.5471
19.5558
19.5497
19.5414
19.5165
19.542
19.518
19.5444
19.5079
19.4775
19.5495
19.4646
19.5453
19.4721
19.5198
19.5949
19.4788
19.5443
19.4805
19.507
19.3932
19.4813
19.4691
19.4488
19.4448
19.3878
19.5329
19.5595
19.4862
19.5539
19.5064
19.4854
19.5077
19.5403
19.5737
19.5717
19.5336
19.4543
19.5585
19.5318
19.6013
19.5599
19.4946
19.5138
19.5903
19.4961
19.5125
19.6343
19.5268
19.4565
19.4943
19.4862
19.4633
19.5457
19.5376
19.5458
19.5339
19.39
19.4516
19.5142
19.5136
19.4947
19.5141
19.5475
19.4809
19.5373
19.5098
19.4711
19.5397
19.4907
19.5495
19.5081
19.524
19.4761
19.5747
19.4472
19.5262
19.4468
19.4763
19.4431
19.4573
19.5494
19.5864
19.5988
19.4746
19.5096
19.5628
19.4814
19.4423
19.5555
19.4989
19.4574
19.559
19.5341
19.4785
19.5786
19.5207
19.6125
19.4927
19.494
19.6108
19.5218
19.5092
19.5416
19.5496
19.481
19.5561
19.4073
19.553
19.4967
19.4854
19.6019
19.4975
19.5394
19.5521
19.4837
19.5113
19.5565
19.4339
19.4431
19.4783
19.5154
19.58
19.4937
19.6561
19.5946
19.4759
19.5734
19.5084
19.6145
19.5184
19.5225
19.5149
19.5625
19.4487
19.5228
19.4622
19.5028
19.4415
19.413
19.5329
19.5817
19.4968
19.488
19.6064
19.4433
19.5599
19.526
19.4439
19.5166
19.5362
19.4363
19.5034
19.5364
19.4177
19.5038
19.4348
19.5657
19.5018
19.4805
19.5241
19.5318
19.4946
19.49
19.6231
19.5082
19.4536
19.5442
19.454
19.5324
19.5075
19.5739
19.5415
19.4974
19.595
19.4662
19.4998
19.5084
19.5707
19.5191
19.5006
19.5658
19.516
19.5406
19.5668
19.5108
19.5235
19.4595
19.5139
19.5864
19.5752
19.492
19.5481
19.5481
19.5387
19.6269
19.5201
19.4308
19.4414
19.5144
19.5572
19.565
19.5151
19.5794
19.5594
19.577
19.4953
19.5345
19.5071
19.3815
19.5264
19.4632
19.439
19.5195
19.4927
19.5009
19.4737
19.4719
19.5245
19.6103
19.5731
19.5456
19.4726
19.4418
19.5867
19.5233
19.5052
19.4854
19.4906
19.499
19.4484
19.5477
19.5538
19.5354
19.5959
19.5219
19.5781
19.4164
19.6289
19.5525
19.4404
19.4847
19.5431
19.4846
19.4739
19.5484
19.552
19.4882
19.5112
19.5665
19.5398
19.4411
19.514
19.5215
19.567
19.4743
19.5036
19.6242
19.4862
19.4763
19.4914
19.5377
19.4715
19.5876
19.4562
19.5229
19.4645
19.5307
19.5038
19.5617
19.5427
19.4921
19.5569
19.5457
19.4266
19.5225
19.5171
19.5298
19.5235
19.4348
19.5907
19.4949
19.4705
19.5482
19.5355
19.534
19.5213
19.5448
19.5022
19.5188
19.5153
19.5219
19.499
19.515
19.591
19.5321
19.5582
19.4802
19.4755
19.499
19.3793
19.516
19.5612
19.5478
19.5341
19.4656
19.4434
19.424
19.4526
19.4577
19.5027
19.4803
19.5994
19.4552
19.5776
19.5342
19.5421
19.4357
19.5508
19.535
19.5064
19.504
19.5616
19.4785
19.5305
19.5549
19.5319
19.4531
19.494
19.4635
19.5224
19.5963
19.5631
19.5087
19.4425
19.4592
19.5896
19.5507
19.6068
19.4776
19.4727
19.5122
19.5414
19.4768
19.6025
19.5469
19.4472
19.5017
19.5742
19.5463
19.4842
19.4838
19.5627
19.5142
19.5411
19.5148
19.5619
19.5679
19.5677
19.4747
19.4862
19.4435
19.5713
19.5076
19.5578
19.5232
19.5364
19.5616
19.5747
19.5594
19.466
19.6011
19.511
19.6175
19.5463
19.52
19.6002
19.5429
19.5349
19.5099
19.5337
19.56
19.4673
19.5539
19.4816
19.5849
19.4912
19.5477
19.4943
19.4597
19.6024
19.4633
19.4767
19.5102
19.5022
19.6
19.5453
19.4827
19.5384
19.5105
19.5072
19.5317
19.5165
19.4724
19.535
19.472
19.5103
19.566
19.5261
19.5457
19.5481
19.542
19.4991
19.5763
19.5516
19.5694
19.4975
19.4759
19.5798
19.5378
19.4845
19.5068
19.4444
19.3873
19.5143
19.4761
19.516
19.5419
19.4925
19.4989
19.476
19.5146
19.4603
19.4526
19.5332
19.4974
19.4266
19.4661
19.521
19.5132
19.5125
19.578
19.5007
19.5248
19.5331
19.5933
19.5686
19.4731
19.5242
19.4884
19.5398
19.5615
19.5589
19.4945
19.5524
19.5025
19.5199
19.54
19.5279
19.4086
19.4963
19.5394
19.4495
19.4759
19.563
19.5482
19.5597
19.5279
19.5099
19.5885
19.5656
19.5569
19.512
19.5385
19.5581
19.5964
19.5383
19.5597
19.461
19.5939
19.4985
19.477
19.5553
19.526
19.5351
19.4706
19.5517
19.5664
19.4141
19.5288
19.5705
19.5314
19.5185
19.511
19.502
19.5995
19.4354
19.4785
19.5191
19.4454
19.5809
19.535
19.5704
19.5492
19.5274
19.5116
19.4704
19.5394
19.5525
19.4981
19.6093
19.5109
19.5005
19.4919
19.5074
19.5282
19.5647
19.4835
19.542
19.4552
19.4873
19.5352
19.4714
19.547
19.5409
19.4433
19.489
19.5605
19.5003
19.5821
19.5338
19.4761
19.4947
19.464
19.5221
19.5317
19.4937
19.5329
19.5489
19.5889
19.4753
19.5827
19.4316
19.482
19.4753
19.5289
19.597
19.5295
19.4283
19.4969
19.5421
19.4223
19.5341
19.5022
19.5563
19.5097
19.4802
19.5398
19.5423
19.4927
19.4981
19.4995
19.4989
19.4829
19.57
19.5102
19.4989
19.5227
19.4501
19.4976
19.4518
19.5041
19.5403
19.5721
19.4951
19.4684
19.5287
19.5756
19.5182
19.4857
19.5004
19.5099
19.5439
19.4986
19.5189
19.5261
19.5114
19.5764
19.5064
19.4739
19.5258
19.4681
19.5025
19.5658
19.5534
19.5231
19.5089
19.4057
19.549
19.6023
19.5601
19.496
19.6011
19.531
19.4489
19.4782
19.4863
19.5074
19.5384
19.5431
19.5324
19.5216
19.4647
19.4915
19.5076
19.58
19.5344
19.4616
19.4602
19.5499
19.5393
19.507
19.5894
19.4703
19.5025
19.4756
19.4979
19.543
19.5405
19.6084
19.5244
19.5924
19.5316
19.5834
19.5417
19.5056
19.5531
19.4775
19.5695
19.4448
19.5373
19.5138
19.5075
19.5374
19.526
19.5564
19.5186
19.5012
19.5332
19.542
19.496
19.5754
19.5023
19.518
19.5051
19.6346
19.4981
19.4718
19.4754
19.5309
19.5506
19.522
19.5266
19.5197
19.6569
19.5128
19.5663
19.4633
19.4803
19.5805
19.5521
19.4988
19.4485
19.4922
19.5661
19.5037
19.6489
19.4941
19.6045
19.555
19.5344
19.5243
19.5405
19.5291
19.5597
19.5258
19.5087
19.4471
19.5064
19.5732
19.5071
19.3999
19.4686
19.3675
19.5346
19.5722
19.5465
19.5346
19.5414
19.5211
19.4854
19.5256
19.5023
19.5286
19.5656
19.5499
19.5487
19.4847
19.5777
19.5314
19.5435
19.4571
19.435
19.5196
19.5661
19.5096
19.505
19.5531
19.4598
19.6382
19.5074
19.4572
19.4814
19.4908
19.66
19.5594
19.5675
19.487
19.5188
19.4787
19.5319
19.4495
19.5387
19.5765
19.4767
19.4589
19.5609
19.507
19.5643
19.4874
19.4938
19.5001
19.5422
19.5366
19.5917
19.4879
19.5022
19.47
19.4829
19.5412
19.5444
19.5224
19.5343
19.5251
19.4657
19.4893
19.5944
19.474
19.4202
19.5413
19.4828
19.4997
19.6393
19.5776
19.4819
19.4552
19.5269
19.5176
19.4882
19.5001
19.4779
19.5185
19.4594
19.5328
19.4906
19.518
19.5904
19.4397
19.5083
19.5622
19.5205
19.5383
19.4715
19.5503
19.4882
19.4834
19.4732
19.4919
19.4903
19.5541
19.5575
19.5024
19.4861
19.5776
19.558
19.5194
19.4666
19.5727
19.5154
19.4946
19.5402
19.4412
19.4725
19.5917
19.5151
19.547
19.4434
19.4637
19.5001
19.6317
19.5364
19.5235
19.545
19.4978
19.5501
19.5463
19.6094
19.4994
19.5433
19.5565
19.4401
19.5433
19.4972
19.5241
19.5256
19.4922
19.4742
19.5011
19.5423
19.4798
19.4898
19.5261
19.5861
19.5501
19.4966
19.5299
19.533
19.4913
19.5442
19.4812
19.561
19.5012
19.5509
19.545
19.4518
19.5377
19.5475
19.5303
19.529
19.4801
19.4838
19.5299
19.5455
19.4947
19.427
19.5075
19.606
19.4914
19.46
19.5465
19.5799
19.5745
19.4564
19.5735
19.5712
19.5671
19.497
19.4477
19.5606
19.491
19.4746
19.548
19.5103
19.575
19.5744
19.5288
19.5428
19.5673
19.5642
19.5647
19.4693
19.5308
19.5895
19.5429
19.508
19.5489
19.535
19.5607
19.4569
19.5922
19.5709
19.5231
19.5501
19.4818
19.5011
19.4975
19.4706
19.5824
19.5387
19.5744
19.4947
19.5816
19.4988
19.4395
19.468
19.5012
19.4811
19.5319
19.5023
19.5812
19.5115
19.5537
19.5183
19.5221
19.5361
19.5909
19.5459
19.4849
19.5319
19.517
19.5072
19.5582
19.4769
19.5044
19.5935
19.4807
19.4911
19.5542
19.5641
19.4918
19.4712
19.5387
19.579
19.5479
19.4521
19.4712
19.4862
19.5251
19.5774
19.516
19.4874
19.5918
19.5466
19.5561
19.5292
19.5225
19.5089
19.4803
19.4646
19.4417
19.5186
19.5188
19.4753
19.5767
19.5907
19.6265
19.6071
19.5307
19.5268
19.5415
19.5097
19.5246
19.5281
19.5793
19.4988
19.5378
19.5261
19.415
19.4673
19.5679
19.474
19.5429
19.6118
19.4827
19.5441
19.5832
19.4912
19.4789
19.4432
19.5994
19.5265
19.5559
19.5731
19.4613
19.5557
19.4968
19.5326
19.5768
19.4696
19.501
19.4763
19.4886
19.5896
19.5358
19.4506
19.4841
19.5364
19.5495
19.5608
19.555
19.5159
19.4464
19.5328
19.4993
19.4746
19.5362
19.5777
19.5254
19.4505
19.5597
19.5755
19.4317
19.5295
19.5825
19.5705
19.507
19.5837
19.5527
19.511
19.5173
19.5471
19.4873
19.5674
19.4873
19.5043
19.522
19.5238
19.4595
19.5208
19.5359
19.5234
19.5948
19.5025
19.4688
19.5357
19.5177
19.6185
19.5048
19.5178
19.4804
19.5945
19.5675
19.4507
19.5578
19.493
19.5986
19.5263
19.5183
19.5159
19.5477
19.4872
19.495
19.555
19.5225
19.4972
19.5348
19.63
19.508
19.5603
19.5399
19.5215
19.5664
19.4922
19.6494
19.5334
19.4657
19.5309
19.4862
19.4799
19.5228
19.5296
19.5045
19.4544
19.5036
19.5912
19.5256
19.5013
19.471
19.5806
19.5077
19.498
19.5178
19.5742
19.5889
19.5737
19.5148
19.5011
19.4521
19.5935
19.4803
19.5961
19.4688
19.543
19.4356
19.5404
19.6043
19.526
19.5432
19.4824
19.5202
19.4745
19.5779
19.5627
19.4762
19.4571
19.5938
19.6043
19.5564
19.5162
19.5156
19.5181
19.4627
19.4843
19.4811
19.5058
19.5304
19.6161
19.6258
19.5178
19.4779
19.5274
19.5509
19.4892
19.5196
19.5506
19.5623
19.5192
19.4525
19.4622
19.5179
19.5143
19.5315
19.6037
19.5592
19.5111
19.5535
19.5481
19.557
19.5354
19.4929
19.5896
19.5705
19.5032
19.5561
19.5232
19.5299
19.5489
19.4794
19.456
19.5233
19.4509
19.5647
19.5859
19.5404
19.5007
19.5026
19.5346
19.5754
19.5162
19.5542
19.5425
19.4811
19.4641
19.4943
19.4598
19.5038
19.4153
19.4989
19.5255
19.4713
19.4056
19.5492
19.5182
19.6255
19.5156
19.5355
19.5431
19.4946
19.4888
19.5398
19.5199
19.6224
19.4889
19.5943
19.4804
19.4697
19.5667
19.5416
19.6072
19.4657
19.4684
19.5211
19.5241
19.4856
19.4403
19.4512
19.512
19.5019
19.4986
19.543
19.5955
19.5298
19.5626
19.602
19.5077
19.5523
19.5291
19.5659
19.5432
19.5268
19.5769
19.5606
19.4624
19.4668
19.5137
19.5526
19.53
19.498
19.468
19.5051
19.5721
19.5351
19.5576
19.503
19.5578
19.543
19.4119
19.4576
19.4957
19.4743
19.5403
19.4902
19.5774
19.4901
19.4934
19.4629
19.5352
19.5055
19.5047
19.5329
19.4848
19.4403
19.5328
19.4639
19.5211
19.5622
19.4982
19.5029
19.5482
19.5275
19.5362
19.4913
19.4933
19.5037
19.5143
19.6056
19.5401
19.5407
19.4891
19.4638
19.4962
19.5265
19.5668
19.4445
19.5701
19.5203
19.6343
19.5531
19.4291
19.5378
19.5359
19.4829
19.5889
19.5635
19.5324
19.5532
19.5798
19.5221
19.5839
19.5947
19.498
19.5474
19.5088
19.5597
19.4423
19.5417
19.5327
19.5717
19.5181
19.4365
19.5235
19.5584
19.4727
19.5251
19.5124
19.5536
19.5478
19.5008
19.5752
19.5102
19.5028
19.5592
19.5261
19.5584
19.5888
19.4805
19.4824
19.5373
19.5848
19.4764
19.5253
19.5258
19.5363
19.5158
19.501
19.5144
19.6074
19.5363
19.5191
19.5476
19.5102
19.5147
19.4754
19.5238
19.5357
19.579
19.5974
19.4869
19.6389
19.5538
19.4874
19.5206
19.5636
19.58
19.5278
19.6095
19.5334
19.5269
19.4949
19.5208
19.5232
19.471
19.4871
19.548
19.5325
19.5138
19.5544
19.511
19.5821
19.5503
19.5697
19.5953
19.5513
19.5528
19.4742
19.4987
19.5124
19.4731
19.5375
19.5165
19.5239
19.5349
19.5354
19.5227
19.4962
19.4245
19.5345
19.6129
19.542
19.6203
19.4692
19.5346
19.4858
19.4516
19.5292
19.5168
19.6095
19.5758
19.5045
19.4675
19.5333
19.5422
19.4615
19.5805
19.4991
19.5709
19.5256
19.5224
19.5123
19.5124
19.4836
19.592
19.4978
19.5569
19.527
19.4742
19.6047
19.4564
19.4826
19.5314
19.6026
19.6087
19.4625
19.5046
19.5595
19.5391
19.5124
19.4927
19.5606
19.5208
19.4716
19.5658
19.5272
19.5649
19.4775
19.5757
19.5166
19.475
19.5019
19.4965
19.5291
19.5471
19.4529
19.5489
19.4622
19.3908
19.5607
19.5427
19.4653
19.6397
19.4699
19.5497
19.4773
19.6124
19.4772
19.5584
19.5083
19.4477
19.5034
19.5251
19.4499
19.5609
19.5145
19.567
19.5203
19.5529
19.5235
19.4696
19.4872
19.4387
19.5358
19.5242
19.5247
19.4913
19.5401
19.4977
19.5433
19.5565
19.4748
19.5166
19.4523
19.4953
19.521
19.4736
19.5059
19.5789
19.5529
19.5492
19.6003
19.5327
19.5015
19.4982
19.548
19.5131
19.5796
19.5362
19.4581
19.5442
19.5105
19.5772
19.5272
19.5664
19.505
19.4755
19.4662
19.4605
19.5024
19.5017
19.5441
19.4418
19.5455
19.4636
19.4297
19.5542
19.5188
19.5213
19.4951
19.4724
19.4714
19.4964
19.6548
19.5059
19.525
19.5348
19.507
19.535
19.5704
19.5248
19.5359
19.5221
19.6174
19.5327
19.4774
19.5054
19.4957
19.5591
19.513
19.5261
19.5346
19.4908
19.4141
19.5126
19.593
19.561
19.4996
19.4444
19.5662
19.5461
19.4969
19.475
19.4718
19.46
19.5516
19.4295
19.5139
19.4617
19.4742
19.5958
19.5451
19.5717
19.4475
19.5054
19.465
19.5571
19.5515
19.4776
19.4258
19.4873
19.5206
19.4818
19.5809
19.5048
19.5241
19.529
19.6107
19.4871
19.506
19.4886
19.4776
19.4885
19.5328
19.5245
19.4889
19.5855
19.5382
19.4103
19.5312
19.4291
19.4573
19.5123
19.5846
19.4646
19.5186
19.4867
19.5518
19.5534
19.5261
19.4936
19.6122
19.5534
19.509
19.4934
19.5057
19.4719
19.4347
19.5499
19.5208
19.4875
19.5468
19.5645
19.5161
19.5582
19.5543
19.5117
19.4813
19.471
19.6323
19.5617
19.5224
19.5651
19.414
19.4806
19.4992
19.636
19.5131
19.5568
19.6362
19.6153
19.5416
19.562
19.6209
19.529
19.5543
19.5125
19.4696
19.4942
19.4927
19.547
19.5952
19.4682
19.5311
19.5285
19.5373
19.5382
19.5834
19.5166
19.4301
19.5733
19.4835
19.4834
19.5071
19.5857
19.5168
19.5345
19.5322
19.4732
19.5586
19.5078
19.5915
19.4799
19.4764
19.5517
19.555
19.5383
19.524
19.4455
19.5313
19.5869
19.4194
19.5359
19.3935
19.4719
19.6273
19.534
19.5461
19.5823
19.5288
19.4879
19.4655
19.5168
19.4875
19.5474
19.5078
19.5804
19.5097
19.531
19.4331
19.538
19.5577
19.6235
19.4477
19.4892
19.486
19.5492
19.511
19.4758
19.5131
19.4817
19.4932
19.4481
19.583
19.4879
19.4965
19.5382
19.5063
19.5227
19.5141
19.5453
19.52
19.4738
19.5036
19.6025
19.503
19.6298
19.5113
19.5844
19.5338
19.5674
19.6261
19.5509
19.423
19.5355
19.4497
19.4881
19.4688
19.571
19.5469
19.5593
19.5394
19.6162
19.4609
19.5169
19.5146
19.4705
19.5903
19.5809
19.5691
19.4907
19.4372
19.5052
19.4788
19.4798
19.4831
19.4612
19.5554
19.3902
19.4889
19.5318
19.5175
19.4358
19.4502
19.5853
19.5566
19.5384
19.5883
19.5991
19.4832
19.477
19.5634
19.546
19.5282
19.4679
19.5751
19.5989
19.5281
19.5615
19.6409
19.591
19.5271
19.5392
19.4736
19.4769
19.5206
19.5077
19.5483
19.5467
19.4679
19.5478
19.4592
19.5048
19.5526
19.4832
19.538
19.4727
19.5255
19.4555
19.4683
19.511
19.5729
19.5201
19.4611
19.5437
19.4967
19.4675
19.5384
19.5406
19.5217
19.5264
19.5019
19.5434
19.524
19.4851
19.5496
19.4865
19.4744
19.5331
19.5908
19.4376
19.5868
19.5286
19.4958
19.5235
19.422
19.58
19.5772
19.4441
19.4554
19.4984
19.4352
19.6281
19.4699
19.5645
19.5688
19.5051
19.5646
19.4992
19.5323
19.5561
19.5187
19.6163
19.5346
19.3684
19.5829
19.458
19.5156
19.4542
19.5195
19.4576
19.5308
19.5481
19.548
19.5029
19.4761
19.531
19.5549
19.5167
19.488
19.5154
19.5404
19.5376
19.4849
19.5404
19.5401
19.5337
19.4593
19.4581
19.5834
19.5211
19.5322
19.4554
19.5363
19.5706
19.5003
19.4996
19.5292
19.5484
19.5539
19.5104
19.5451
19.5925
19.5768
19.543
19.5458
19.6182
19.5836
19.5032
19.5102
19.4715
19.4681
19.5484
19.5054
19.6562
19.4771
19.4935
19.4589
19.5416
19.4403
19.5232
19.5063
19.4662
19.5332
19.4699
19.5046
19.5558
19.475
19.5356
19.5577
19.4913
19.4545
19.6252
19.6235
19.5174
19.4996
19.5182
19.3963
19.4987
19.4753
19.5491
19.5419
19.5027
19.4809
19.4187
19.521
19.5357
19.5911
19.4627
19.578
19.4998
19.4602
19.5438
19.5776
19.5564
19.5803
19.5827
19.4977
19.5135
19.4604
19.5341
19.4945
19.5667
19.5062
19.5551
19.5014
19.4388
19.5534
19.5259
19.523
19.5685
19.519
19.4817
19.5299
19.4812
19.5188
19.4328
19.5536
19.4241
19.5199
19.5866
19.4949
19.47
19.5069
19.4812
19.5429
19.58
19.4564
19.5034
19.6071
19.4544
19.4688
19.554
19.4608
19.5269
19.4482
19.5184
19.4975
19.5805
19.6008
19.5595
19.549
19.529
19.6007
19.5139
19.5615
19.5674
19.5301
19.5074
19.5244
19.4946
19.5438
19.3923
19.4765
19.5705
19.5025
19.4897
19.5451
19.5841
19.5929
19.5738
19.4964
19.5021
19.5354
19.5029
19.6044
19.4669
19.5437
19.6076
19.5466
19.6244
19.4387
19.4882
19.4844
19.5195
19.5334
19.4688
19.5468
19.5814
19.5585
19.4568
19.5084
19.4969
19.4918
19.5924
19.5191
19.5248
19.4634
19.4724
19.4861
19.534
19.4832
19.5702
19.4578
19.51
19.4375
19.518
19.5884
19.5517
19.5051
19.5678
19.478
19.4994
19.4819
19.5269
19.4786
19.5607
19.5487
19.5045
19.4955
19.5567
19.5397
19.469
19.5509
19.4949
19.4534
19.5355
19.4649
19.4781
19.5706
19.5484
19.5317
19.514
19.467
19.4576
19.5
19.5336
19.4794
19.4921
19.5271
19.5528
19.4584
19.5431
19.5102
19.4344
19.4789
19.5692
19.5436
19.4599
19.5203
19.4724
19.4872
19.5376
19.4803
19.5591
19.5401
19.5111
19.4892
19.4688
19.6192
19.5084
19.4922
19.5205
19.5144
19.4819
19.5354
19.5456
19.5685
19.5256
19.5261
19.5014
19.5579
19.5018
19.5067
19.4668
19.5684
19.4618
19.5911
19.5638
19.552
19.5613
19.5394
19.5192
19.4247
19.5297
19.5381
19.5558
19.5512
19.5766
19.5603
19.46
19.519
19.5049
19.4372
19.5406
19.5389
19.4907
19.5363
19.4961
19.5085
19.4528
19.5489
19.4634
19.4833
19.5645
19.5228
19.4968
19.4598
19.496
19.5672
19.4839
19.5397
19.5138
19.4602
19.5571
19.5678
19.5461
19.6388
19.4625
19.5543
19.5381
19.5324
19.5077
19.4631
19.6035
19.5224
19.4848
19.5686
19.4241
19.4579
19.5075
19.6014
19.5658
19.4966
19.4594
19.5085
19.4752
19.5371
19.5015
19.5427
19.5292
19.5321
19.5362
19.5251
19.5141
19.4647
19.5456
19.5016
19.4443
19.5255
19.523
19.5339
19.5735
19.4986
19.5069
19.5654
19.5152
19.4867
19.4835
19.6241
19.5742
19.5234
19.4776
19.5425
19.3943
19.5318
19.4678
19.5699
19.5589
19.5292
19.581
19.505
19.5113
19.5354
19.4981
19.505
19.5607
19.4717
19.535
19.5409
19.5298
19.4378
19.5183
19.495
19.5514
19.5053
19.5284
19.6044
19.4726
19.5501
19.4999
19.5458
19.5053
19.4994
19.4617
19.5117
19.4722
19.4413
19.4931
19.5221
19.5243
19.4783
19.5279
19.5218
19.4931
19.4871
19.5401
19.5262
19.4591
19.4828
19.4633
19.5323
19.5259
19.5609
19.6354
19.5864
19.5435
19.5275
19.533
19.4878
19.4658
19.5676
19.604
19.4729
19.5511
19.5585
19.5449
19.4917
19.5423
19.5574
19.5041
19.5483
19.5465
19.4936
19.489
19.5166
19.4261
19.6124
19.4755
19.5699
19.501
19.6177
19.5171
19.5254
19.5819
19.5105
19.5938
19.5097
19.4897
19.5052
19.4581
19.4287
19.4083
19.4642
19.5159
19.5127
19.564
19.5196
19.549
19.5547
19.527
19.5316
19.513
19.6089
19.5952
19.4827
19.45
19.455
19.5482
19.5887
19.5241
19.5755
19.4553
19.4897
19.4972
19.5881
19.4714
19.4636
19.5573
19.561
19.5982
19.6076
19.5076
19.4593
19.5505
19.4812
19.5157
19.5221
19.5491
19.5242
19.5311
19.544
19.5224
19.538
19.5393
19.5352
19.4518
19.5407
19.6253
19.5535
19.5103
19.5603
19.5029
19.5788
19.4466
19.5498
19.5914
19.5332
19.5421
19.5135
19.5373
19.5929
19.5556
19.5158
19.4865
19.4572
19.5473
19.5687
19.5102
19.6415
19.5255
19.4941
19.5118
19.5283
19.4845
19.5717
19.4656
19.4916
19.4541
19.497
19.5188
19.4518
19.5395
19.5342
19.5105
19.5242
19.6113
19.5677
19.5201
19.4879
19.5676
19.5298
19.4959
19.4517
19.5597
19.4763
19.4968
19.473
19.4795
19.5045
19.4486
19.5115
19.4158
19.5358
19.5066
19.5939
19.4792
19.534
19.5287
19.4924
19.5543
19.667
19.4537
19.5254
19.5475
19.471
19.5833
19.6279
19.5367
19.4672
19.5148
19.5051
19.4857
19.4654
19.4691
19.4606
19.5769
19.55
19.6065
19.4823
19.4958
19.5957
19.5365
19.5451
19.4944
19.5824
19.4929
19.5316
19.577
19.511
19.556
19.526
19.5866
19.5009
19.563
19.4857
19.4862
19.5233
19.4814
19.4916
19.5308
19.4805
19.5215
19.4802
19.6134
19.462
19.6203
19.5013
19.4813
19.597
19.4906
19.5396
19.5615
19.5408
19.5043
19.5667
19.5476
19.4107
19.6058
19.4995
19.5252
19.5636
19.4095
19.4872
19.5703
19.4442
19.5013
19.4393
19.4893
19.512
19.5535
19.4448
19.4984
19.494
19.5237
19.5701
19.4571
19.4936
19.4821
19.4501
19.4992
19.5404
19.6016
19.4694
19.5042
19.5231
19.5203
19.5168
19.5184
19.408
19.5633
19.5899
19.5442
19.4922
19.5275
19.5326
19.5087
19.5215
19.4476
19.5643
19.5085
19.5799
19.5171
19.5718
19.4666
19.554
19.4658
19.5376
19.4767
19.5266
19.5597
19.5171
19.4609
19.488
19.423
19.5195
19.4968
19.6052
19.5233
19.5127
19.5207
19.5474
19.4862
19.5423
19.4765
19.5629
19.5456
19.521
19.5158
19.6045
19.4628
19.5383
19.6471
19.5202
19.5581
19.5239
19.515
19.4885
19.5419
19.6202
19.5498
19.5822
19.5747
19.4871
19.4205
19.4887
19.5163
19.503
19.5325
19.5033
19.5662
19.5019
19.4406
19.5251
19.5083
19.5182
19.4565
19.5449
19.6268
19.4584
19.5452
19.4746
19.5597
19.5154
19.4744
19.485
19.4954
19.4899
19.5187
19.4909
19.5515
19.506
19.5296
19.6034
19.5579
19.5458
19.4948
19.5852
19.5815
19.4789
19.4528
19.5756
19.5203
19.5032
19.5301
19.4931
19.5363
19.5948
19.3978
19.5204
19.5398
19.5274
19.535
19.4818
19.4695
19.4913
19.5482
19.5783
19.5003
19.5734
19.5545
19.4822
19.4723
19.5701
19.4594
19.604
19.5417
19.4805
19.4912
19.5522
19.4838
19.5935
19.4942
19.5224
19.5071
19.5059
19.4947
19.5487
19.5142
19.5584
19.5491
19.5101
19.5851
19.4594
19.5636
19.5508
19.5955
19.5188
19.5328
19.5015
19.5798
19.5223
19.5298
19.5228
19.4275
19.5774
19.5036
19.4408
19.4365
19.4574
19.6093
19.5405
19.5416
19.5448
19.5108
19.4762
19.5743
19.5037
19.5346
19.5119
19.4356
19.5688
19.5169
19.4823
19.5508
19.5411
19.5186
19.4747
19.5929
19.4857
19.5926
19.5311
19.5558
19.5248
19.6384
19.5315
19.5212
19.4874
19.5476
19.5224
19.5623
19.5351
19.5369
19.5166
19.5272
19.5386
19.4628
19.5543
19.5224
19.5192
19.533
19.5578
19.5319
19.5363
19.5191
19.4955
19.6149
19.4816
19.5428
19.5106
19.5233
19.5457
19.4062
19.5219
19.5211
19.5475
19.5303
19.5465
19.5318
19.5113
19.5492
19.5771
19.5704
19.4825
19.5478
19.4982
19.5089
19.4721
19.5656
19.4597
19.4889
19.5096
19.6579
19.5272
19.5865
19.5283
19.4996
19.5323
19.5481
19.558
19.5362
19.5464
19.5099
19.4882
19.5229
19.5768
19.5005
19.476
19.5702
19.5188
19.5219
19.583
19.5129
19.5509
19.4769
19.4739
19.5281
19.515
19.622
19.5594
19.5228
19.5198
19.5028
19.5258
19.4991
19.5539
19.6269
19.5897
19.523
19.5392
19.5046
19.5162
19.4733
19.5219
19.4907
19.4889
19.4408
19.5253
19.5218
19.4696
19.5021
19.5853
19.5085
19.4647
19.5674
19.5252
19.4643
19.567
19.5574
19.4792
19.5371
19.5012
19.4987
19.5294
19.5522
19.5281
19.5091
19.4919
19.5543
19.541
19.449
19.4444
19.4576
19.56
19.4638
19.5209
19.487
19.5121
19.4575
19.5035
19.633
19.6231
19.5155
19.4868
19.534
19.6141
19.51
19.4309
19.4822
19.5479
19.4754
19.5763
19.523
19.5553
19.5912
19.5338
19.5193
19.5335
19.4699
19.5334
19.5625
19.459
19.5687
19.5359
19.436
19.5233
19.535
19.6417
19.5375
19.5435
19.5365
19.5712
19.4824
19.5198
19.5451
19.4543
19.4846
19.5842
19.5325
19.5028
19.5447
19.498
19.5284
19.5448
19.5262
19.4943
19.5452
19.6004
19.3984
19.5395
19.4895
19.5203
19.4388
19.5621
19.5126
19.3887
19.5495
19.5402
19.5252
19.5805
19.5154
19.5574
19.5004
19.5475
19.4944
19.5726
19.4846
19.4922
19.5755
19.4563
19.5143
19.4567
19.5323
19.5452
19.5583
19.5587
19.521
19.4707
19.4616
19.5603
19.4451
19.4909
19.5665
19.5832
19.5534
19.5332
19.5712
19.6205
19.5871
19.5312
19.5359
19.4607
19.4738
19.4728
19.5082
19.4651
19.5068
19.4904
19.5023
19.5245
19.5701
19.5102
19.5556
19.5436
19.5991
19.4279
19.5543
19.5271
19.4486
19.5392
19.4713
19.4272
19.4412
19.6333
19.4832
19.5118
19.4936
19.511
19.5035
19.5268
19.4958
19.5486
19.4631
19.4844
19.537
19.4995
19.4671
19.6051
19.5586
19.5741
19.5532
19.5172
19.5123
19.4662
19.4342
19.5586
19.4992
19.5278
19.5617
19.4419
19.5476
19.5317
19.4581
19.509
19.4257
19.5932
19.5757
19.5108
19.5478
19.497
19.5086
19.4853
19.5933
19.5222
19.5132
19.4704
19.4845
19.5083
19.5299
19.5596
19.5444
19.5297
19.5884
19.5293
19.4815
19.5179
19.5059
19.5201
19.6032
19.5529
19.5187
19.5604
19.5964
19.5658
19.5366
19.518
19.55
19.5682
19.5212
19.5491
19.4928
19.4912
19.5058
19.4155
19.4731
19.579
19.5366
19.5612
19.5236
19.5535
19.518
19.5504
19.5382
19.513
19.5155
19.4593
19.5294
19.5204
19.5236
19.5032
19.5113
19.4586
19.4982
19.5553
19.5168
19.6338
19.5016
19.5247
19.5669
19.5588
19.5202
19.4881
19.5741
19.5456
19.5172
19.4724
19.5689
19.5341
19.5316
19.5571
19.4845
19.491
19.5326
19.4811
19.4763
19.496
19.5431
19.5408
19.4954
19.5054
19.5242
19.5263
19.4629
19.5686
19.4474
19.5074
19.5929
19.5517
19.4978
19.4912
19.4859
19.6302
19.4934
19.5885
19.5304
19.5441
19.4905
19.4949
19.4359
19.5346
19.6454
19.5052
19.5556
19.4562
19.5335
19.5284
19.4634
19.5734
19.4639
19.5451
19.5719
19.5181
19.559
19.5198
19.496
19.534
19.5202
19.5452
19.53
19.5203
19.4823
19.4688
19.5252
19.476
19.4616
19.4837
19.5423
19.4308
19.5397
19.5423
19.4901
19.5152
19.5391
19.4701
19.5136
19.5311
19.5229
19.5012
19.4987
19.5016
19.4989
19.4784
19.518
19.5931
19.517
19.5427
19.4407
19.5743
19.5436
19.4721
19.5466
19.5634
19.4984
19.5877
19.5207
19.4814
19.4767
19.4802
19.5181
19.4971
19.4668
19.5319
19.5461
19.4798
19.4743
19.5953
19.4779
19.4386
19.5353
19.5403
19.4721
19.4828
19.5819
19.4573
19.6002
19.5143
19.4732
19.4649
19.4612
19.5532
19.4942
19.4246
19.4669
19.5577
19.4817
19.5247
19.5625
19.5388
19.542
19.5039
19.4963
19.5591
19.5469
19.5793
19.5569
19.5524
19.5471
19.5536
19.4419
19.4358
19.483
19.6135
19.526
19.5562
19.5524
19.5759
19.5436
19.4806
19.4912
19.5813
19.5368
19.5227
19.5152
19.5503
19.4919
19.4435
19.5333
19.4794
19.5736
19.4763
19.5291
19.5064
19.5383
19.5968
19.5983
19.5348
19.5087
19.6122
19.4261
19.539
19.5488
19.5183
19.5406
19.4571
19.567
19.481
19.4885
19.6046
19.5114
19.5075
19.5535
19.5202
19.5471
19.5736
19.5529
19.5268
19.5116
19.4909
19.5743
19.5581
19.4812
19.4679
19.5204
19.545
19.5351
19.6127
19.5427
19.4702
19.5074
19.4315
19.553
19.5783
19.5172
19.5427
19.5651
19.5563
19.4693
19.4588
19.6291
19.4504
19.5099
19.4899
19.5005
19.4871
19.5072
19.5509
19.5308
19.5776
19.4946
19.4774
19.551
19.568
19.5595
19.4945
19.4656
19.5626
19.4709
19.5336
19.4593
19.5026
19.4771
19.5565
19.5089
19.4814
19.5505
19.4436
19.5208
19.536
19.5102
19.5218
19.5185
19.4865
19.5907
19.439
19.5116
19.5645
19.4778
19.4597
19.589
19.5734
19.4131
19.5278
19.4901
19.5535
19.4909
19.4443
19.498
19.4812
19.5979
19.5213
19.5694
19.593
19.4341
19.5591
19.4926
19.568
19.434
19.5172
19.459
19.508
19.5618
19.5087
19.5433
19.4946
19.557
19.511
19.4648
19.4884
19.5211
19.4559
19.5618
19.5254
19.4972
19.4602
19.5569
19.5193
19.5151
19.5595
19.5008
19.5379
19.4375
19.602
19.594
19.5401
19.4658
19.415
19.5452
19.4997
19.4887
19.4551
19.5451
19.567
19.4481
19.4905
19.5705
19.5009
19.5969
19.5172
19.481
19.4733
19.5488
19.4877
19.4934
19.6311
19.5718
19.5245
19.486
19.5573
19.4799
19.4791
19.5737
19.5291
19.5644
19.4939
19.5045
19.5042
19.52
19.5261
19.5201
19.5
19.5428
19.6403
19.5052
19.4795
19.4432
19.5815
19.4969
19.5498
19.4785
19.5733
19.4907
19.4562
19.4691
19.5066
19.4656
19.4862
19.5386
19.5619
19.5676
19.5235
19.422
19.4432
19.4927
19.5276
19.4869
19.4739
19.5
19.5214
19.4517
19.5349
19.5903
19.5706
19.537
19.4965
19.5013
19.6008
19.5789
19.5018
19.6282
19.4802
19.5703
19.5777
19.5426
19.5761
19.5538
19.4061
19.5872
19.6195
19.5423
19.4072
19.5395
19.5273
19.5622
19.488
19.5171
19.5291
19.5085
19.4912
19.5027
19.5287
19.506
19.4884
19.4943
19.5319
19.5686
19.4858
19.5975
19.4437
19.532
19.5868
19.5567
19.4074
19.5439
19.4847
19.5391
19.5384
19.5476
19.4147
19.527
19.4659
19.5816
19.5094
19.4923
19.5166
19.6152
19.5238
19.4996
19.5093
19.461
19.3847
19.4898
19.4812
19.5322
19.5827
19.6087
19.5575
19.5364
19.58
19.5785
19.5399
19.501
19.5491
19.532
19.4304
19.5117
19.5465
19.5013
19.548
19.5364
19.4813
19.6004
19.498
19.5642
19.5455
19.4884
19.4956
19.5317
19.503
19.4805
19.4899
19.4781
19.439
19.4237
19.529
19.5036
19.5814
19.526
19.5866
19.5727
19.3971
19.4978
19.4347
19.483
19.5298
19.4989
19.5613
19.5504
19.5327
19.4579
19.5361
19.5003
19.6259
19.4335
19.4982
19.4833
19.5952
19.481
19.4955
19.4589
19.5301
19.5102
19.4768
19.4964
19.525
19.6107
19.5653
19.4498
19.4882
19.5589
19.5071
19.5083
19.5077
19.5017
19.6021
19.5588
19.5056
19.4966
19.5081
19.5309
19.5363
19.5221
19.5339
19.485
19.5559
19.5501
19.5055
19.5317
19.5646
19.5557
19.6173
19.5184
19.5737
19.5367
19.5084
19.5146
19.4768
19.4741
19.4852
19.5105
19.4572
19.5425
19.4809
19.4758
19.4576
19.5318
19.5803
19.5224
19.5273
19.6139
19.5433
19.5868
19.4875
19.5163
19.4907
19.4922
19.4305
19.5015
19.5882
19.4643
19.6161
19.6147
19.5885
19.5874
19.5123
19.4541
19.5468
19.4901
19.5328
19.5739
19.5078
19.4815
19.4497
19.5439
19.5302
19.5267
19.4966
19.5494
19.5599
19.5187
19.4972
19.5231
19.5395
19.5348
19.5715
19.5243
19.4508
19.4957
19.5429
19.6163
19.4889
19.5188
19.4974
19.5144
19.5102
19.5162
19.5657
19.5358
19.5529
19.5445
19.4563
19.4899
19.5187
19.4508
19.6053
19.4065
19.559
19.5228
19.471
19.4944
19.5635
19.5001
19.4788
19.5686
19.4874
19.5299
19.5196
19.5091
19.5554
19.5039
19.5432
19.4256
19.481
19.5591
19.4828
19.5597
19.5998
19.4293
19.5747
19.5318
19.4686
19.4981
19.59
19.5734
19.5562
19.4988
19.5008
19.5667
19.5501
19.4616
19.4846
19.5023
19.5097
19.5273
19.5614
19.4936
19.537
19.4844
19.4534
19.546
19.5879
19.5318
19.5438
19.5174
19.5053
19.5677
19.6021
19.41
19.5122
19.5499
19.5432
19.5222
19.4792
19.4797
19.5921
19.6042
19.5298
19.4876
19.5963
19.4903
19.5213
19.5437
19.4783
19.5613
19.5061
19.521
19.5541
19.4857
19.4632
19.5141
19.5396
19.5196
19.5231
19.4727
19.5432
19.5547
19.5531
19.5416
19.5831
19.4792
19.5601
19.5061
19.5445
19.5499
19.4854
19.5686
19.4677
19.5117
19.4881
19.5606
19.5215
19.5419
19.5878
19.534
19.5779
19.6009
19.5379
19.4454
19.6037
19.4461
19.5185
19.482
19.5884
19.5199
19.5384
19.4484
19.4662
19.5534
19.5814
19.4929
19.5234
19.5571
19.5173
19.5808
19.5806
19.5731
19.5249
19.4842
19.5073
19.4965
19.5643
19.5315
19.4835
19.5444
19.6086
19.4691
19.4615
19.4829
19.5067
19.5114
19.5924
19.5395
19.5656
19.5654
19.528
19.5113
19.5343
19.5477
19.5312
19.547
19.4482
19.4558
19.4256
19.559
19.4646
19.5917
19.4876
19.5026
19.4983
19.5212
19.496
19.5651
19.4587
19.4337
19.5194
19.515
19.5361
19.4829
19.5342
19.4506
19.528
19.5218
19.594
19.5126
19.5927
19.4924
19.4952
19.5438
19.56
19.578
19.4474
19.4997
19.5319
19.5599
19.5042
19.5332
19.47
19.4646
19.4432
19.4549
19.5275
19.5072
19.5739
19.5651
19.5055
19.5583
19.55
19.4997
19.5735
19.5025
19.5106
19.5833
19.4811
19.6017
19.4253
19.6274
19.5902
19.5651
19.4845
19.5039
19.4897
19.6279
19.5181
19.5876
19.5878
19.5051
19.468
19.5373
19.4934
19.5547
19.5223
19.5572
19.5566
19.6125
19.4867
19.527
19.5391
19.4892
19.5653
19.5367
19.5099
19.5944
19.5487
19.546
19.5027
19.5096
19.4735
19.5139
19.5202
19.4783
19.5221
19.483
19.4827
19.446
19.5246
19.5223
19.4889
19.5188
19.4637
19.6239
19.5319
19.5409
19.576
19.5762
19.4474
19.5783
19.5095
19.5188
19.5196
19.4644
19.5556
19.5282
19.5444
19.4513
19.4034
19.4763
19.5949
19.5247
19.5635
19.5007
19.5943
19.5317
19.3852
19.5563
19.4684
19.5759
19.5342
19.5446
19.5044
19.4834
19.5548
19.487
19.5184
19.5264
19.5163
19.5337
19.5392
19.5429
19.4696
19.5744
19.5559
19.4811
19.4763
19.4913
19.4872
19.5384
19.544
19.5042
19.5023
19.5051
19.4731
19.5655
19.4461
19.5002
19.5597
19.5609
19.4787
19.5259
19.4902
19.5258
19.4994
19.5332
19.4947
19.5402
19.5611
19.5276
19.4594
19.6469
19.4885
19.494
19.5643
19.5038
19.6209
19.5503
19.5719
19.4488
19.5308
19.499
19.5221
19.5174
19.5113
19.5103
19.4737
19.5097
19.596
19.5908
19.5288
19.6272
19.4803
19.5772
19.5418
19.4634
19.5736
19.5385
19.4958
19.4513
19.5465
19.4897
19.5541
19.528
19.5368
19.5499
19.5472
19.3891
19.5183
19.4364
19.5189
19.554
19.5675
19.4578
19.5366
19.5819
19.5591
19.5465
19.5279
19.5675
19.4807
19.5198
19.51
19.5232
19.4952
19.5533
19.4554
19.5286
19.5211
19.5381
19.494
19.5366
19.5598
19.5728
19.5467
19.4621
19.4847
19.5152
19.5297
19.4974
19.5701
19.5407
19.535
19.5629
19.4965
19.5087
19.5404
19.573
19.4651
19.5581
19.5443
19.465
19.4864
19.5098
19.5308
19.5434
19.5063
19.52
19.5488
19.4797
19.4869
19.4982
19.5004
19.619
19.4578
19.4823
19.5181
19.5343
19.4859
19.5804
19.4841
19.504
19.5594
19.6019
19.5947
19.5661
19.5048
19.6202
19.5681
19.5443
19.5152
19.4997
19.467
19.5018
19.521
19.62
19.5555
19.5475
19.5245
19.5541
19.5233
19.4827
19.5308
19.4555
19.5278
19.4024
19.4885
19.5278
19.6027
19.3975
19.5614
19.4786
19.5389
19.4092
19.5266
19.4574
19.5484
19.5026
19.4954
19.5374
19.5222
19.4828
19.5829
19.4863
19.4334
19.5555
19.5051
19.4929
19.5111
19.5893
19.4665
19.5262
19.4878
19.4633
19.5123
19.5084
19.5417
19.5113
19.5146
19.5221
19.4393
19.5425
19.5036
19.5225
19.5306
19.5772
19.5185
19.5009
19.5178
19.5531
19.4689
19.4673
19.4746
19.5608
19.4976
19.5236
19.46
19.5539
19.5476
19.5752
19.4603
19.5802
19.4799
19.5187
19.5661
19.4813
19.5565
19.5691
19.4871
19.523
19.4718
19.559
19.4721
19.4268
19.5326
19.498
19.6025
19.5278
19.5039
19.5295
19.4972
19.5207
19.6135
19.5426
19.6159
19.5691
19.5516
19.4417
19.5002
19.4732
19.5697
19.5561
19.5179
19.5293
19.5319
19.549
19.5293
19.4752
19.44
19.5501
19.5462
19.5873
19.5171
19.3878
19.4833
19.5832
19.5452
19.5247
19.5667
19.5378
19.5113
19.5299
19.5626
19.5984
19.4895
19.5607
19.5198
19.5365
19.5465
19.4794
19.5526
19.5861
19.5283
19.541
19.592
19.5513
19.5532
19.4647
19.4569
19.4961
19.5285
19.5544
19.3859
19.4672
19.5223
19.5758
19.4962
19.5115
19.4935
19.5837
19.5399
19.5936
19.4373
19.5295
19.4269
19.5363
19.5168
19.5067
19.4504
19.4866
19.5449
19.5463
19.4924
19.5743
19.5169
19.4908
19.4995
19.5078
19.5275
19.4405
19.5479
19.5263
19.5211
19.4885
19.4413
19.4377
19.5928
19.558
19.513
19.4688
19.5183
19.5515
19.6018
19.5347
19.4693
19.3925
19.4132
19.5434
19.5288
19.5882
19.4961
19.4879
19.4967
19.4919
19.5847
19.5526
19.4674
19.4069
19.5477
19.5546
19.5293
19.5348
19.5862
19.5611
19.4835
19.6088
19.5279
19.5626
19.527
19.5295
19.448
19.5163
19.4972
19.5089
19.4663
19.5033
19.5679
19.4859
19.4878
19.5593
19.4956
19.581
19.4642
19.5792
19.4783
19.5696
19.5055
19.5596
19.5046
19.5265
19.5474
19.5218
19.6215
19.4261
19.499
19.511
19.4912
19.5137
19.4994
19.5556
19.5422
19.5342
19.5266
19.4236
19.5233
19.5726
19.4512
19.536
19.5515
19.4676
19.5076
19.5502
19.4793
19.5326
19.536
19.5285
19.5859
19.5404
19.4976
19.5091
19.497
19.4688
19.5204
19.5594
19.4926
19.5869
19.5363
19.5309
19.4961
19.4673
19.5756
19.6203
19.4707
19.3735
19.4637
19.5301
19.555
19.5468
19.5229
19.5498
19.5961
19.4783
19.5792
19.4674
19.6008
19.545
19.5452
19.5976
19.5359
19.5276
19.5438
19.5253
19.5386
19.5663
19.5465
19.5435
19.5137
19.5675
19.5657
19.5867
19.4925
19.5363
19.6313
19.5474
19.5453
19.5553
19.4903
19.524
19.5639
19.5025
19.5181
19.4734
19.5156
19.4845
19.5159
19.56
19.5388
19.4798
19.5775
19.5622
19.564
19.5095
19.524
19.5053
19.5185
19.4934
19.5697
19.5745
19.5538
19.4922
19.5219
19.5197
19.456
19.522
19.5031
19.3945
19.5471
19.5003
19.5443
19.4886
19.5486
19.5559
19.4609
19.5947
19.569
19.5136
19.5294
19.465
19.4786
19.5805
19.5397
19.5352
19.5398
19.5153
19.4816
19.4778
19.5698
19.5309
19.521
19.5776
19.5232
19.5698
19.4882
19.6021
19.4928
19.5694
19.4794
19.5595
19.5365
19.5707
19.4183
19.5128
19.5054
19.5476
19.5635
19.571
19.5026
19.5308
19.5786
19.5805
19.5455
19.5706
19.5629
19.4839
19.4792
19.4991
19.6038
19.484
19.5677
19.5255
19.4666
19.609
19.4527
19.5181
19.5006
19.4761
19.473
19.5228
19.4954
19.4714
19.5028
19.4857
19.5041
19.5247
19.5348
19.5797
19.5418
19.4861
19.6079
19.5321
19.5391
19.565
19.5132
19.4508
19.4788
19.5905
19.4909
19.5131
19.5523
19.5834
19.4989
19.5101
19.6318
19.5006
19.5202
19.615
19.4649
19.495
19.523
19.4275
19.592
19.5349
19.4699
19.5661
19.5403
19.5445
19.539
19.4981
19.642
19.5259
19.5527
19.4923
19.3838
19.6156
19.4682
19.4803
19.5433
19.503
19.5352
19.4699
19.4658
19.4658
19.5567
19.5008
19.5316
19.5242
19.4764
19.5012
19.5095
19.5231
19.6009
19.5713
19.5218
19.5958
19.5319
19.5306
19.529
19.4453
19.4478
19.4225
19.6017
19.5949
19.5382
19.4933
19.499
19.5153
19.4586
19.5014
19.4927
19.4668
19.4838
19.5281
19.478
19.5155
19.5309
19.5618
19.4662
19.5492
19.5723
19.4447
19.5885
19.4567
19.5053
19.4193
19.5363
19.578
19.4812
19.5072
19.5078
19.503
19.5062
19.5046
19.5199
19.4786
19.5792
19.5403
19.492
19.5753
19.5936
19.5562
19.4908
19.545
19.486
19.491
19.441
19.5236
19.5527
19.4832
19.5519
19.5497
19.4988
19.5654
19.4772
19.4677
19.5119
19.5722
19.5319
19.4519
19.496
19.5627
19.5832
19.4873
19.4805
19.4559
19.4986
19.5067
19.5627
19.5376
19.5364
19.496
19.5555
19.5252
19.4901
19.5833
19.5054
19.6062
19.4263
19.5609
19.5108
19.5076
19.5015
19.4905
19.521
19.5219
19.5594
19.6097
19.443
19.4954
19.5389
19.6031
19.4841
19.4932
19.5029
19.551
19.523
19.4998
19.5314
19.5107
19.5444
19.5255
19.469
19.5584
19.432
19.4943
19.5794
19.5271
19.5692
19.4917
19.5433
19.4532
19.5085
19.5914
19.5807
19.4795
19.5118
19.4434
19.4842
19.526
19.5226
19.5287
19.4997
19.5763
19.5188
19.5256
19.5651
19.4948
19.5362
19.4566
19.537
19.5378
19.4994
19.4666
19.4583
19.5241
19.5378
19.6766
19.5314
19.486
19.5032
19.509
19.5162
19.4468
19.4153
19.5437
19.5318
19.5806
19.4615
19.5565
19.5118
19.5087
19.4832
19.5202
19.5091
19.5034
19.505
19.4846
19.5315
19.6007
19.4988
19.5013
19.4889
19.4596
19.5042
19.5
19.4675
19.4749
19.5621
19.4829
19.5833
19.5435
19.5277
19.537
19.5408
19.547
19.4555
19.5451
19.59
19.5173
19.4684
19.5078
19.5624
19.5062
19.5079
19.5471
19.5067
19.4785
19.4621
19.5305
19.5969
19.4543
19.5271
19.5653
19.5312
19.5152
19.4786
19.4882
19.5377
19.4924
19.5199
19.4834
19.5465
19.5497
19.5944
19.514
19.5244
19.4756
19.5114
19.5447
19.5478
19.5776
19.5293
19.4494
19.5055
19.5467
19.572
19.523
19.5555
19.4648
19.464
19.5231
19.6285
19.4476
19.452
19.5156
19.486
19.6623
19.4999
19.5147
19.5622
19.518
19.507
19.4961
19.5306
19.5536
19.4845
19.4507
19.5247
19.4657
19.5118
19.4631
19.5159
19.546
19.5294
19.4654
19.3872
19.5
19.5893
19.5322
19.5976
19.4804
19.4905
19.5189
19.5242
19.5273
19.5792
19.451
19.4949
19.4658
19.5017
19.525
19.5025
19.4992
19.4834
19.4974
19.5572
19.4828
19.5286
19.5584
19.5256
19.4662
19.4667
19.5093
19.4948
19.5737
19.5015
19.4583
19.5307
19.4592
19.49
19.5656
19.5619
19.5936
19.6103
19.5339
19.5639
19.5127
19.4994
19.5336
19.5505
19.4713
19.5219
19.5125
19.4734
19.5057
19.523
19.5364
19.5126
19.5067
19.528
19.5154
19.5628
19.4751
19.4729
19.4819
19.5195
19.559
19.4961
19.479
19.4269
19.562
19.5121
19.5249
19.5105
19.541
19.444
19.5805
19.5319
19.4504
19.554
19.6257
19.5365
19.4971
19.4655
19.5957
19.5771
19.6005
19.5227
19.4894
19.4596
19.5104
19.5267
19.4809
19.6207
19.4443
19.5531
19.6231
19.5037
19.4154
19.4853
19.4879
19.5298
19.5124
19.477
19.517
19.5658
19.5114
19.4815
19.4937
19.4975
19.4656
19.5044
19.4317
19.5069
19.5117
19.4875
19.5081
19.4944
19.5267
19.4812
19.5715
19.5478
19.5767
19.4767
19.5035
19.584
19.4563
19.5147
19.5474
19.6055
19.6017
19.5016
19.4953
19.5134
19.6055
19.5817
19.5221
19.5235
19.5777
19.55
19.4802
19.464
19.5871
19.5096
19.5548
19.5358
19.5494
19.4765
19.4703
19.5161
19.5724
19.4861
19.4548
19.5357
19.5446
19.5011
19.5236
19.4362
19.4972
19.5467
19.4888
19.5114
19.5359
19.5178
19.5886
19.6243
19.5282
19.4966
19.5207
19.5541
19.4785
19.5408
19.533
19.4652
19.542
19.4874
19.5509
19.5171
19.5109
19.4577
19.4967
19.4854
19.5286
19.4779
19.5194
19.4856
19.5121
19.5684
19.5356
19.4766
19.4107
19.4801
19.5431
19.486
19.5031
19.5309
19.6575
19.402
19.5214
19.5774
19.4559
19.4998
19.5525
19.5591
19.5681
19.4453
19.514
19.417
19.5363
19.4831
19.4508
19.4807
19.509
19.6592
19.4873
19.5128
19.5153
19.5414
19.5871
19.465
19.5149
19.5568
19.5103
19.5387
19.5342
19.6229
19.5368
19.5102
19.5375
19.4858
19.4939
19.5885
19.6098
19.6172
19.5811
19.4432
19.4391
19.5804
19.5328
19.4288
19.5562
19.6061
19.5015
19.5554
19.4958
19.5121
19.4729
19.589
19.4395
19.5359
19.5468
19.5632
19.5025
19.5194
19.5207
19.5523
19.5759
19.5363
19.557
19.5262
19.5493
19.5086
19.5058
19.5461
19.5426
19.5476
19.5101
19.5621
19.5028
19.4598
19.5564
19.5014
19.4676
19.4834
19.5225
19.5278
19.4915
19.584
19.5246
19.5487
19.5422
19.4946
19.5929
19.6509
19.5764
19.5065
19.4411
19.5091
19.4983
19.5303
19.5367
19.4853
19.5351
19.504
19.5374
19.5156
19.4489
19.5063
19.5862
19.5729
19.5595
19.5422
19.5401
19.5065
19.4608
19.5645
19.5572
19.4686
19.4821
19.4943
19.5272
19.4995
19.4672
19.5883
19.5009
19.4962
19.5072
19.507
19.5116
19.5163
19.5015
19.6156
19.4349
19.5293
19.485
19.4816
19.4762
19.5015
19.4901
19.4928
19.5522
19.5465
19.5678
19.5341
19.5835
19.5209
19.5732
19.4895
19.5315
19.4735
19.4539
19.5502
19.5248
19.4642
19.5323
19.547
19.4987
19.4516
19.5859
19.5243
19.5226
19.5041
19.5524
19.5442
19.5005
19.5789
19.5423
19.5493
19.5671
19.5263
19.5238
19.4739
19.5535
19.5343
19.5467
19.5089
19.538
19.5291
19.541
19.5114
19.544
19.5203
19.4746
19.491
19.4534
19.5011
19.4066
19.3663
19.485
19.5133
19.4198
19.5068
19.5249
19.4804
19.503
19.5161
19.457
19.6505
19.5727
19.5524
19.576
19.5522
19.4299
19.4634
19.3892
19.4832
19.4479
19.5808
19.4272
19.5397
19.5367
19.5156
19.5146
19.5361
19.5408
19.5348
19.6205
19.4635
19.503
19.4587
19.4747
19.507
19.4697
19.5206
19.4795
19.4858
19.5237
19.5196
19.5312
19.5527
19.459
19.5312
19.5166
19.5456
19.4944
19.5569
19.6145
19.5205
19.4918
19.4771
19.4487
19.5167
19.5029
19.4949
19.4628
19.5175
19.5554
19.5974
19.537
19.5248
19.4827
19.4648
19.5097
19.4828
19.5863
19.5522
19.4425
19.502
19.5213
19.4657
19.5186
19.4831
19.5126
19.5536
19.5509
19.4327
19.4958
19.4421
19.3941
19.5372
19.48
19.5579
19.5891
19.5945
19.5236
19.5175
19.5305
19.5635
19.4554
19.4516
19.4676
19.561
19.5064
19.5412
19.5689
19.6036
19.4967
19.6183
19.5233
19.4946
19.4759
19.5066
19.5272
19.602
19.5305
19.4246
19.5914
19.5627
19.6033
19.5259
19.4871
19.518
19.5141
19.5548
19.5094
19.5855
19.5349
19.5547
19.486
19.4433
19.5373
19.5149
19.5079
19.5967
19.5632
19.5371
19.5583
19.6023
19.5711
19.4558
19.5152
19.5454
19.4946
19.6067
19.5284
19.4811
19.5167
19.518
19.4631
19.5728
19.4846
19.4555
19.5203
19.5653
19.5316
19.502
19.6146
19.5218
19.4811
19.4869
19.5268
19.5157
19.5402
19.6062
19.5689
19.5227
19.5908
19.5885
19.5658
19.4774
19.467
19.5444
19.5268
19.5388
19.5177
19.5887
19.4695
19.5248
19.5212
19.5481
19.5715
19.4835
19.504
19.5131
19.5954
19.4652
19.5132
19.5502
19.5322
19.4382
19.5628
19.4548
19.4775
19.5139
19.523
19.5178
19.5781
19.5702
19.5105
19.477
19.539
19.5004
19.5659
19.5473
19.5826
19.5004
19.4992
19.5531
19.5225
19.5841
19.5582
19.5795
19.5023
19.5339
19.5657
19.4596
19.5557
19.4764
19.5115
19.4537
19.4591
19.531
19.5439
19.565
19.5488
19.5228
19.4959
19.4802
19.5558
19.4452
19.5056
19.5325
19.5017
19.4863
19.5372
19.5999
19.5288
19.5523
19.5323
19.4859
19.4447
19.5458
19.509
19.551
19.5554
19.5172
19.5148
19.5945
19.4931
19.5785
19.53
19.5003
19.5603
19.5764
19.5076
19.5559
19.6123
19.5293
19.5051
19.4941
19.5982
19.4844
19.5538
19.5364
19.4864
19.4904
19.4898
19.5557
19.5133
19.4951
19.5211
19.5823
19.4222
19.5109
19.5778
19.5231
19.4521
19.4769
19.6195
19.548
19.5602
19.5029
19.4776
19.5648
19.5918
19.4673
19.5565
19.5542
19.4798
19.5266
19.5368
19.5572
19.4613
19.4831
19.3968
19.5469
19.451
19.5623
19.5427
19.5281
19.5413
19.5389
19.4995
19.5349
19.4636
19.5561
19.5384
19.4891
19.5456
19.4865
19.4869
19.495
19.5452
19.5548
19.5464
19.483
19.5723
19.5577
19.5033
19.544
19.5704
19.478
19.432
19.4748
19.498
19.422
19.5658
19.5577
19.5664
19.5241
19.556
19.4244
19.6285
19.4652
19.4911
19.5883
19.5068
19.616
19.4773
19.5567
19.5084
19.4929
19.5425
19.533
19.5262
19.5618
19.5143
19.4654
19.527
19.5066
19.6031
19.5238
19.4976
19.5041
19.4567
19.57
19.5411
19.587
19.4741
19.5332
19.4975
19.5319
19.5
19.5516
19.5426
19.4804
19.4881
19.5518
19.5343
19.5699
19.5486
19.4921
19.4922
19.4452
19.4912
19.5383
19.5155
19.497
19.5631
19.5089
19.5214
19.5351
19.4885
19.539
19.5328
19.5798
19.525
19.5652
19.5744
19.4938
19.5347
19.6335
19.5739
19.641
19.4947
19.5084
19.5407
19.4868
19.5281
19.559
19.4905
19.5887
19.5612
19.471
19.5101
19.477
19.4888
19.4146
19.5012
19.5402
19.5317
19.4455
19.6176
19.6112
19.5523
19.5252
19.4476
19.5444
19.5358
19.5333
19.5666
19.5511
19.5608
19.4796
19.4666
19.5581
19.4097
19.5112
19.4869
19.5212
19.5904
19.5387
19.4812
19.5251
19.4523
19.5141
19.5367
19.5791
19.5105
19.5615
19.5433
19.5039
19.5072
19.5289
19.5429
19.5385
19.5344
19.4293
19.6161
19.5621
19.5044
19.5671
19.5759
19.5912
19.5966
19.6065
19.5084
19.4836
19.523
19.5032
19.5004
19.5529
19.5204
19.5375
19.4798
19.5019
19.4766
19.5018
19.5367
19.4876
19.4944
19.4274
19.5253
19.5279
19.496
19.5234
19.5552
19.5506
19.501
19.4982
19.5465
19.5778
19.5578
19.5303
19.574
19.5299
19.4704
19.4844
19.5086
19.571
19.5442
19.5134
19.4377
19.5265
19.4468
19.5376
19.4986
19.5136
19.5606
19.5295
19.5917
19.5279
19.5295
19.5681
19.5521
19.4934
19.5194
19.5828
19.5256
19.4768
19.5281
19.504
19.586
19.619
19.5186
19.517
19.5168
19.4858
19.5269
19.462
19.5367
19.4822
19.4983
19.5384
19.5735
19.488
19.5721
19.4587
19.5301
19.5019
19.4864
19.4859
19.5491
19.5379
19.6178
19.5091
19.5953
19.53
19.5188
19.5854
19.5319
19.5006
19.4988
19.5209
19.5394
19.5481
19.4738
19.5154
19.5779
19.4751
19.5355
19.5321
19.4895
19.4805
19.4794
19.5226
19.5284
19.568
19.4938
19.5432
19.4422
19.5519
19.5006
19.5266
19.5073
19.566
19.5414
19.52
19.4921
19.5731
19.5368
19.5237
19.5007
19.452
19.5423
19.572
19.558
19.4507
19.4574
19.5198
19.523
19.5897
19.5052
19.5052
19.503
19.4886
19.4675
19.5811
19.5288
19.5426
19.5861
19.4975
19.5774
19.4672
19.4935
19.5589
19.4689
19.5419
19.6471
19.5521
19.5206
19.5528
19.5649
19.526
19.5057
19.4922
19.5482
19.5757
19.4194
19.5082
19.5148
19.5737
19.4952
19.5693
19.4366
19.4551
19.49
19.4226
19.5941
19.4885
19.4409
19.5747
19.5186
19.5663
19.5174
19.5573
19.5306
19.4968
19.552
19.5243
19.5514
19.462
19.5186
19.5322
19.5622
19.5323
19.5482
19.4703
19.5942
19.4696
19.5408
19.5052
19.5151
19.4994
19.4781
19.5596
19.5682
19.4718
19.5661
19.5433
19.4611
19.5351
19.4428
19.4636
19.4386
19.5071
19.5113
19.5484
19.4552
19.4973
19.4749
19.5231
19.5343
19.5344
19.5438
19.5825
19.5033
19.5393
19.4121
19.5633
19.6506
19.4972
19.5098
19.5908
19.5002
19.4348
19.5041
19.5546
19.4988
19.5265
19.5208
19.4941
19.4991
19.5551
19.4775
19.4801
19.522
19.5565
19.4978
19.5271
19.4411
19.4384
19.5378
19.5233
19.5671
19.5179
19.565
19.5932
19.6072
19.5909
19.5453
19.5226
19.5383
19.5277
19.4567
19.6016
19.5428
19.5474
19.5578
19.4953
19.5452
19.4982
19.5397
19.4704
19.4422
19.4544
19.4831
19.5302
19.5306
19.5153
19.397
19.4543
19.4726
19.5362
19.456
19.5649
19.4792
19.5489
19.4965
19.5365
19.4934
19.436
19.5156
19.4998
19.5417
19.4872
19.4736
19.5327
19.5336
19.5078
19.5644
19.5631
19.5362
19.5525
19.4906
19.4931
19.5397
19.4901
19.5175
19.5457
19.6149
19.5145
19.5613
19.4758
19.5453
19.5187
19.5328
19.5264
19.5172
19.559
19.4452
19.5108
19.5417
19.5115
19.5584
19.4966
19.5905
19.5117
19.4764
19.4641
19.5276
19.5233
19.6233
19.5463
19.5048
19.5584
19.5129
19.5249
19.4985
19.5315
19.4363
19.5206
19.5098
19.5425
19.4924
19.5617
19.5038
19.5727
19.5471
19.4915
19.552
19.6095
19.579
19.4538
19.518
19.546
19.5542
19.516
19.5238
19.4847
19.4961
19.4975
19.5659
19.4775
19.5796
19.5169
19.5604
19.4864
19.4933
19.4595
19.5221
19.5061
19.5292
19.5155
19.5284
19.5519
19.4991
19.4862
19.5467
19.5359
19.531
19.5382
19.5033
19.547
19.4911
19.5043
19.5253
19.5299
19.5293
19.4981
19.5249
19.6056
19.604
19.4771
19.5057
19.5496
19.4935
19.5371
19.5317
19.5031
19.5826
19.537
19.4062
19.4915
19.5646
19.4356
19.5839
19.5793
19.4654
19.4216
19.5167
19.4241
19.5109
19.6452
19.5464
19.5033
19.453
19.5376
19.5798
19.3736
19.5392
19.5352
19.5192
19.4332
19.5671
19.5365
19.4909
19.5317
19.5312
19.498
19.4853
19.461
19.5037
19.5009
19.567
19.5624
19.555
19.5515
19.5915
19.5392
19.567
19.5494
19.4944
19.5021
19.5635
19.4935
19.4974
19.502
19.5173
19.4382
19.4385
19.5267
19.5519
19.5144
19.4902
19.355
19.488
19.4998
19.4388
19.5182
19.5142
19.5211
19.6022
19.5192
19.5267
19.481
19.5776
19.5806
19.5168
19.479
19.5003
19.4933
19.5115
19.537
19.5496
19.4989
19.5336
19.518
19.5427
19.4533
19.4619
19.4831
19.5173
19.5586
19.4392
19.5055
19.4477
19.4274
19.6141
19.4495
19.6164
19.583
19.6301
19.4954
19.522
19.5366
19.4979
19.5478
19.5365
19.5562
19.5183
19.4994
19.5566
19.5762
19.5871
19.526
19.4475
19.4913
19.5222
19.5641
19.5389
19.5423
19.5761
19.4621
19.561
19.5291
19.5279
19.5282
19.4811
19.4998
19.4424
19.5756
19.5633
19.5155
19.5009
19.5448
19.5644
19.5034
19.5541
19.5627
19.5869
19.513
19.5081
19.5711
19.5353
19.5104
19.5206
19.5258
19.5196
19.5012
19.5258
19.524
19.5322
19.488
19.5214
19.5434
19.4973
19.6212
19.544
19.4369
19.4854
19.4399
19.5236
19.5229
19.6076
19.5167
19.4841
19.5475
19.4671
19.5274
19.576
19.5274
19.5074
19.4891
19.5903
19.5858
19.6079
19.4913
19.477
19.5188
19.4719
19.5766
19.4809
19.4838
19.5606
19.471
19.5271
19.479
19.5168
19.587
19.5373
19.4455
19.6257
19.5138
19.5728
19.4918
19.535
19.663
19.5413
19.418
19.5245
19.5079
19.4897
19.4927
19.4628
19.4794
19.4643
19.4757
19.5372
19.5058
19.5396
19.4723
19.5493
19.5203
19.534
19.5519
19.5177
19.4141
19.5636
19.593
19.5803
19.556
19.5446
19.5361
19.479
19.4382
19.4491
19.5753
19.5487
19.4933
19.525
19.5604
19.5022
19.5279
19.4369
19.5312
19.5552
19.5243
19.4644
19.523
19.5912
19.5548
19.5497
19.5388
19.6009
19.4696
19.5631
19.4851
19.5263
19.5445
19.5707
19.5131
19.554
19.5577
19.543
19.5304
19.5097
19.546
19.4643
19.4838
19.5023
19.4941
19.4933
19.5454
19.5048
19.507
19.5989
19.5271
19.5137
19.4653
19.572
19.467
19.5364
19.5122
19.4969
19.5314
19.4866
19.5857
19.5383
19.557
19.5431
19.4952
19.515
19.52
19.4639
19.5487
19.4839
19.5279
19.5317
19.5223
19.5423
19.4928
19.4844
19.4354
19.5171
19.5019
19.5034
19.545
19.5286
19.5035
19.5136
19.5555
19.5181
19.5325
19.4983
19.5523
19.4996
19.6022
19.5886
19.5002
19.4929
19.529
19.4626
19.4715
19.577
19.5149
19.4852
19.5208
19.5462
19.5028
19.5818
19.5815
19.4818
19.4727
19.5099
19.5836
19.5115
19.5231
19.5704
19.4434
19.5161
19.4604
19.4755
19.5604
19.5472
19.4868
19.4357
19.5185
19.5344
19.5233
19.5436
19.4451
19.466
19.543
19.4902
19.5316
19.4803
19.5545
19.5485
19.4928
19.5311
19.5726
19.5545
19.5322
19.5672
19.5006
19.5468
19.5494
19.5106
19.5133
19.4711
19.5326
19.5376
19.464
19.5553
19.5047
19.4868
19.5491
19.5281
19.553
19.5762
19.4961
19.5473
19.552
19.5197
19.474
19.4857
19.5665
19.478
19.4712
19.4828
19.5367
19.531
19.5645
19.5385
19.5122
19.4816
19.5373
19.5243
19.5876
19.4574
19.4553
19.4957
19.5188
19.527
19.5683
19.6071
19.574
19.5206
19.5283
19.4478
19.5077
19.5312
19.5164
19.542
19.5708
19.495
19.5499
19.5643
19.6104
19.5055
19.5234
19.4862
19.5886
19.4853
19.5813
19.5431
19.5405
19.4697
19.5619
19.5486
19.4575
19.5839
19.5406
19.4919
19.4931
19.4391
19.5776
19.4547
19.5108
19.5791
19.5588
19.5311
19.5333
19.4501
19.5099
19.464
19.4801
19.5091
19.4224
19.4979
19.527
19.4874
19.5225
19.549
19.5437
19.5255
19.4463
19.5088
19.5186
19.5323
19.5869
19.5093
19.5193
19.4616
19.4725
19.4834
19.5927
19.551
19.5367
19.4953
19.5252
19.5273
19.4733
19.5735
19.5672
19.5913
19.4496
19.5627
19.5032
19.5283
19.5811
19.5576
19.5171
19.5757
19.5255
19.4944
19.4973
19.5152
19.5253
19.5434
19.5135
19.5536
19.5862
19.5455
19.4924
19.5446
19.4315
19.533
19.5151
19.5091
19.5376
19.479
19.5255
19.5964
19.595
19.5613
19.5453
19.467
19.507
19.5702
19.5197
19.5572
19.5192
19.5197
19.4845
19.524
19.5385
19.5117
19.4377
19.4204
19.5428
19.5393
19.461
19.5166
19.5636
19.493
19.5372
19.5502
19.521
19.5464
19.5533
19.5847
19.5991
19.4887
19.5541
19.479
19.5465
19.5679
19.5354
19.5372
19.4496
19.5273
19.5527
19.5483
19.5853
19.5537
19.5463
19.6158
19.5474
19.4882
19.5438
19.543
19.4924
19.5665
19.5646
19.5081
19.5273
19.5106
19.5452
19.5105
19.5831
19.5822
19.502
19.5293
19.5185
19.5032
19.4654
19.5399
19.4692
19.4282
19.5217
19.5011
19.5242
19.4405
19.5096
19.4111
19.5923
19.482
19.4095
19.5448
19.4312
19.4966
19.5015
19.5795
19.4957
19.5408
19.4746
19.5589
19.527
19.5465
19.591
19.527
19.5062
19.5093
19.5288
19.5554
19.519
19.5409
19.5081
19.5997
19.512
19.5667
19.5634
19.5431
19.5318
19.6229
19.5291
19.5081
19.4462
19.5795
19.59
19.3974
19.5863
19.5786
19.5485
19.4587
19.4946
19.564
19.6021
19.5667
19.411
19.4875
19.5388
19.4366
19.5163
19.5723
19.5478
19.5483
19.4734
19.4676
19.5618
19.6284
19.5999
19.5077
19.5494
19.4671
19.5473
19.5412
19.4809
19.4444
19.5392
19.569
19.4655
19.5403
19.549
19.6564
19.4799
19.4843
19.5043
19.5128
19.5483
19.5623
19.4753
19.5399
19.4922
19.5529
19.552
19.5144
19.5336
19.4628
19.599
19.543
19.6097
19.5135
19.5547
19.5174
19.4419
19.5337
19.5111
19.5066
19.4973
19.535
19.5489
19.5029
19.4784
19.5691
19.5442
19.6167
19.577
19.5012
19.466
19.5398
19.4941
19.5816
19.4437
19.5593
19.5722
19.498
19.5344
19.5394
19.5265
19.5677
19.5868
19.5023
19.5414
19.5166
19.4688
19.5437
19.4909
19.5004
19.4795
19.5179
19.6238
19.505
19.4664
19.497
19.5262
19.5352
19.5114
19.5224
19.5127
19.5558
19.4499
19.617
19.4601
19.529
19.5427
19.4617
19.5807
19.4462
19.581
19.5093
19.5585
19.5297
19.5256
19.5056
19.5541
19.638
19.5599
19.4932
19.521
19.4787
19.5367
19.5532
19.5386
19.5401
19.5287
19.4887
19.5285
19.4762
19.5031
19.4963
19.4894
19.5371
19.5959
19.4775
19.5128
19.5547
19.4354
19.5505
19.5053
19.4108
19.4435
19.5455
19.5778
19.5815
19.5089
19.5123
19.4401
19.4928
19.4943
19.4849
19.5183
19.5284
19.5204
19.449
19.5396
19.4716
19.5496
19.5201
19.5174
19.5592
19.5716
19.5675
19.5676
19.5814
19.5563
19.4619
19.5574
19.5587
19.5328
19.4898
19.5536
19.5418
19.5155
19.5863
19.5112
19.4903
19.4717
19.5518
19.5055
19.6424
19.5034
19.5394
19.4729
19.5674
19.5867
19.5688
19.5523
19.5128
19.4792
19.5157
19.5554
19.5546
19.4135
19.5456
19.6349
19.5664
19.5463
19.5321
19.4902
19.5905
19.5325
19.5653
19.4871
19.5446
19.5699
19.5855
19.4707
19.5333
19.5291
19.4515
19.5389
19.5393
19.5548
19.53
19.559
19.5151
19.5318
19.6288
19.5682
19.496
19.462
19.5292
19.5055
19.5826
19.5802
19.4787
19.4934
19.5392
19.549
19.5036
19.5881
19.5174
19.5646
19.5071
19.5296
19.4623
19.411
19.4722
19.5318
19.5052
19.5343
19.5025
19.5049
19.5624
19.5046
19.4888
19.5833
19.4668
19.5427
19.5479
19.4552
19.5429
19.4994
19.5795
19.6476
19.561
19.475
19.4556
19.5336
19.4983
19.5292
19.4533
19.4866
19.5721
19.5545
19.5186
19.4545
19.548
19.4843
19.5784
19.5083
19.478
19.5306
19.5354
19.5231
19.5211
19.5166
19.4744
19.5494
19.5318
19.4918
19.5132
19.5309
19.5311
19.5561
19.557
19.4842
19.5311
19.5842
19.5375
19.4701
19.4662
19.5577
19.494
19.5075
19.564
19.4851
19.4982
19.5283
19.4957
19.475
19.5781
19.5749
19.5383
19.5185
19.5372
19.5101
19.4628
19.5206
19.5473
19.6426
19.4655
19.5505
19.4666
19.5135
19.5048
19.4989
19.4601
19.6025
19.5774
19.5347
19.571
19.5574
19.553
19.5379
19.5579
19.4522
19.4492
19.4724
19.4779
19.4984
19.5619
19.5127
19.5091
19.5142
19.4631
19.475
19.5921
19.5567
19.5712
19.53
19.5919
19.4679
19.5312
19.5588
19.5772
19.5528
19.5305
19.5437
19.5963
19.5082
19.5565
19.4735
19.4983
19.5211
19.5456
19.4582
19.5405
19.4598
19.453
19.5402
19.5291
19.5321
19.5402
19.5178
19.4944
19.5074
19.5753
19.6024
19.3837
19.4719
19.4518
19.5097
19.5085
19.5194
19.5903
19.5317
19.5142
19.5895
19.5051
19.596
19.5586
19.5061
19.4927
19.5087
19.6059
19.4709
19.5347
19.4821
19.5273
19.5797
19.4843
19.6318
19.4654
19.5409
19.5005
19.5054
19.4785
19.5839
19.5301
19.5294
19.5757
19.5434
19.5672
19.539
19.5263
19.5698
19.4658
19.4426
19.5305
19.5049
19.5728
19.5566
19.5921
19.5947
19.5432
19.5144
19.4979
19.5062
19.5234
19.5433
19.5138
19.5771
19.5898
19.5608
19.5478
19.5107
19.4717
19.4996
19.5383
19.5523
19.4693
19.5141
19.4722
19.5247
19.5537
19.5538
19.5766
19.4762
19.5225
19.4523
19.4913
19.5227
19.517
19.4956
19.5293
19.5805
19.6089
19.5378
19.5331
19.4634
19.4497
19.5341
19.5739
19.5586
19.5638
19.51
19.493
19.4807
19.5083
19.5072
19.5119
19.4632
19.5661
19.5194
19.5059
19.5199
19.5235
19.4968
19.5454
19.4237
19.4831
19.5374
19.5658
19.5352
19.585
19.5495
19.4943
19.5297
19.5098
19.5258
19.5117
19.5596
19.55
19.4678
19.4936
19.5235
19.4989
19.5247
19.4622
19.5101
19.6105
19.57
19.5193
19.446
19.4064
19.5388
19.5448
19.5006
19.5524
19.5253
19.4834
19.5298
19.5561
19.4847
19.4382
19.5258
19.4672
19.6332
19.56
19.514
19.4882
19.4416
19.4292
19.5077
19.5997
19.5068
19.5499
19.5149
19.4911
19.4761
19.5496
19.5167
19.4689
19.4906
19.5394
19.5283
19.5252
19.4906
19.5367
19.5842
19.482
19.5679
19.5786
19.5564
19.4971
19.5133
19.5473
19.496
19.5096
19.5586
19.4654
19.5133
19.5217
19.5075
19.5192
19.5451
19.5266
19.5256
19.5551
19.5161
19.4553
19.4606
19.4962
19.4839
19.5444
19.5531
19.5701
19.5154
19.4969
19.4929
19.5366
19.4578
19.56
19.5501
19.5407
19.4947
19.416
19.4724
19.5658
19.4633
19.4862
19.4377
19.5542
19.4699
19.5405
19.5328
19.5758
19.4782
19.471
19.5545
19.5169
19.4952
19.4078
19.6004
19.5681
19.4704
19.5626
19.4503
19.5359
19.4886
19.6051
19.5696
19.5216
19.5375
19.6112
19.4724
19.4877
19.4759
19.5648
19.4806
19.545
19.5026
19.5455
19.4941
19.6449
19.5058
19.5588
19.4682
19.533
19.5197
19.5697
19.5243
19.5295
19.4826
19.5406
19.4693
19.5394
19.5631
19.5596
19.4778
19.4483
19.5352
19.6079
19.4338
19.4904
19.516
19.551
19.4592
19.5277
19.5524
19.5961
19.568
19.5028
19.5496
19.5994
19.4786
19.5332
19.4279
19.4389
19.5267
19.5355
19.5037
19.5917
19.585
19.4715
19.5489
19.5215
19.5142
19.5014
19.5153
19.5893
19.4874
19.5481
19.562
19.4739
19.5288
19.4096
19.5104
19.4674
19.4627
19.5952
19.4858
19.5387
19.4971
19.5292
19.5239
19.5728
19.4479
19.5425
19.5356
19.5104
19.5953
19.5434
19.5346
19.5047
19.4986
19.5014
19.5007
19.5635
19.5594
19.4864
19.5443
19.4825
19.5164
19.5415
19.4427
19.5302
19.5578
19.5145
19.5429
19.5858
19.5324
19.5405
19.4945
19.4682
19.5604
19.5756
19.5342
19.5416
19.5563
19.5604
19.5051
19.4839
19.5422
19.5348
19.5681
19.5168
19.4751
19.5684
19.4976
19.5882
19.6057
19.5232
19.5509
19.5782
19.434
19.5105
19.6067
19.5385
19.5878
19.5383
19.5046
19.4863
19.4964
19.499
19.5298
19.5501
19.5311
19.5583
19.4957
19.5333
19.561
19.5195
19.5651
19.4596
19.5522
19.5493
19.4785
19.6154
19.5478
19.5392
19.4456
19.5243
19.4548
19.4632
19.5058
19.4465
19.5475
19.5415
19.4763
19.6548
19.4916
19.5594
19.4596
19.5107
19.5139
19.4934
19.5627
19.4858
19.4526
19.5386
19.5201
19.4908
19.5192
19.5513
19.5556
19.5935
19.5587
19.4742
19.4704
19.5391
19.5003
19.5225
19.4653
19.572
19.5086
19.539
19.6149
19.5057
19.5317
19.5411
19.5266
19.5779
19.606
19.5012
19.5079
19.52
19.5433
19.473
19.4747
19.5288
19.5143
19.4414
19.4712
19.4472
19.5583
19.4573
19.5306
19.5082
19.5458
19.4424
19.4681
19.5078
19.5434
19.5282
19.5416
19.4848
19.5097
19.4848
19.5187
19.4781
19.4697
19.5239
19.5744
19.5701
19.5957
19.5239
19.5625
19.5581
19.5286
19.497
19.4369
19.5109
19.4709
19.503
19.4822
19.5037
19.4702
19.5159
19.4663
19.513
19.5703
19.546
19.5346
19.5299
19.4058
19.4831
19.4972
19.5801
19.4917
19.5263
19.5205
19.5173
19.4606
19.5337
19.4904
19.5848
19.4974
19.5009
19.5226
19.4727
19.5082
19.5455
19.516
19.4864
19.5328
19.5404
19.5821
19.5007
19.4615
19.5011
19.4698
19.5277
19.5661
19.5036
19.4664
19.5869
19.5923
19.4891
19.5231
19.6573
19.5161
19.5881
19.6114
19.5253
19.4436
19.4899
19.5168
19.5272
19.5014
19.5112
19.5034
19.4634
19.527
19.5002
19.5123
19.5694
19.4875
19.5789
19.561
19.5347
19.4752
19.4786
19.57
19.4861
19.6156
19.4826
19.5348
19.5325
19.521
19.5735
19.5105
19.5395
19.4366
19.4755
19.4473
19.4607
19.4968
19.5524
19.5288
19.4264
19.4948
19.5472
19.452
19.5241
19.5618
19.4505
19.5846
19.6035
19.5149
19.5235
19.5387
19.5209
19.5204
19.4943
19.6008
19.4569
19.5329
19.5499
19.5008
19.5219
19.5231
19.4501
19.4496
19.5197
19.4879
19.471
19.528
19.5318
19.5123
19.4875
19.4809
19.5271
19.5137
19.5008
19.4736
19.5047
19.5348
19.5652
19.508
19.4891
19.4439
19.5805
19.5365
19.4854
19.4551
19.5107
19.5291
19.5799
19.4953
19.5122
19.58
19.5687
19.5487
19.5151
19.4823
19.4697
19.5178
19.5314
19.4933
19.494
19.5124
19.5298
19.5988
19.5273
19.5578
19.5284
19.4833
19.5197
19.5324
19.5287
19.4989
19.5878
19.5167
19.5456
19.5211
19.5288
19.5616
19.4889
19.5075
19.4767
19.5987
19.507
19.4141
19.4686
19.5002
19.5422
19.5309
19.5126
19.5834
19.5787
19.4503
19.4603
19.5151
19.4894
19.5926
19.4527
19.5567
19.5203
19.5218
19.4552
19.5474
19.5633
19.5822
19.4935
19.5501
19.5861
19.6384
19.5437
19.4786
19.5342
19.5426
19.4781
19.5722
19.4828
19.543
19.4944
19.5115
19.5231
19.6135
19.4939
19.5038
19.5327
19.5345
19.5329
19.461
19.5042
19.4689
19.476
19.5309
19.5072
19.5105
19.4974
19.5081
19.4063
19.6373
19.5568
19.5552
19.5505
19.5146
19.4636
19.6658
19.5631
19.5161
19.4939
19.5327
19.5592
19.5011
19.5543
19.5771
19.6197
19.5091
19.5311
19.522
19.5382
19.5263
19.5953
19.564
19.5708
19.6532
19.4838
19.4869
19.5631
19.589
19.5421
19.4624
19.5254
19.5275
19.4802
19.444
19.4946
19.5032
19.5446
19.4726
19.5023
19.5336
19.5586
19.5042
19.5502
19.5757
19.5642
19.4605
19.5483
19.4819
19.5145
19.5496
19.4731
19.6283
19.5023
19.534
19.5537
19.41
19.5355
19.5663
19.5847
19.5448
19.5014
19.4285
19.4927
19.5795
19.5182
19.4923
19.5189
19.5363
19.47
19.5552
19.5149
19.6412
19.4762
19.5293
19.4375
19.5164
19.4959
19.5323
19.5154
19.579
19.5659
19.4738
19.4965
19.5299
19.5473
19.5182
19.4882
19.5596
19.5282
19.5757
19.5171
19.5341
19.5016
19.49
19.5021
19.4993
19.4884
19.5906
19.529
19.4887
19.5449
19.5392
19.571
19.5216
19.5074
19.52
19.5311
19.6066
19.564
19.4681
19.4824
19.4819
19.5595
19.5111
19.5699
19.5714
19.4272
19.453
19.4753
19.5152
19.5227
19.3663
19.5058
19.5374
19.514
19.5508
19.4905
19.5477
19.5427
19.5258
19.5909
19.5231
19.5626
19.5135
19.5201
19.445
19.6036
19.5133
19.4901
19.5066
19.4933
19.4986
19.5727
19.557
19.4464
19.4902
19.5858
19.5206
19.4145
19.5448
19.5246
19.4717
19.5606
19.5251
19.4749
19.5322
19.4423
19.3885
19.4928
19.5065
19.514
19.5304
19.4793
19.4471
19.5408
19.5099
19.519
19.5436
19.5243
19.5794
19.533
19.6596
19.467
19.5674
19.5564
19.5686
19.5248
19.4885
19.5204
19.4666
19.466
19.5189
19.5224
19.6705
19.6176
19.566
19.4585
19.568
19.5029
19.5553
19.5286
19.5779
19.5575
19.5881
19.4786
19.4933
19.4327
19.5669
19.5281
19.4939
19.5319
19.5264
19.5746
19.5052
19.4216
19.6382
19.4765
19.5425
19.5876
19.5302
19.5093
19.4846
19.5035
19.4944
19.565
19.5589
19.6018
19.575
19.5733
19.5009
19.5055
19.51
19.519
19.5309
19.5989
19.533
19.465
19.532
19.5072
19.4659
19.5677
19.4978
19.5277
19.459
19.5405
19.5628
19.4806
19.4835
19.5436
19.5048
19.5731
19.4885
19.5248
19.5533
19.5043
19.5863
19.5127
19.5137
19.5375
19.4986
19.5705
19.5413
19.5598
19.5363
19.4779
19.5388
19.5156
19.5499
19.4186
19.5715
19.5529
19.5264
19.5271
19.5875
19.5496
19.5169
19.6245
19.4651
19.5321
19.5358
19.5151
19.5567
19.4814
19.5018
19.5493
19.4306
19.5218
19.5643
19.5177
19.4527
19.5556
19.5453
19.5203
19.5152
19.5282
19.4934
19.5682
19.4928
19.5357
19.5044
19.5755
19.494
19.5043
19.556
19.5083
19.5193
19.5483
19.5436
19.5588
19.5345
19.5322
19.5336
19.6899
19.576
19.5278
19.4151
19.4741
19.595
19.5286
19.5494
19.4751
19.5385
19.5054
19.5349
19.5396
19.5235
19.4984
19.4785
19.513
19.5577
19.5217
19.5409
19.5806
19.5595
19.4786
19.4893
19.5389
19.4642
19.5079
19.5276
19.4574
19.5516
19.4276
19.5487
19.5199
19.5022
19.5387
19.5372
19.5091
19.4994
19.5184
19.5393
19.609
19.4817
19.4869
19.4982
19.5577
19.5202
19.4814
19.5029
19.6044
19.5394
19.466
19.587
19.5513
19.5422
19.5041
19.5219
19.561
19.4879
19.5097
19.4797
19.4605
19.492
19.5526
19.5488
19.433
19.5671
19.5434
19.5127
19.5287
19.5226
19.555
19.5298
19.4916
19.5523
19.4736
19.4981
19.5708
19.5335
19.5001
19.5928
19.5493
19.5144
19.4354
19.5141
19.4947
19.4936
19.5104
19.416
19.531
19.5458
19.558
19.573
19.5568
19.4744
19.5751
19.481
19.4799
19.5263
19.5424
19.4987
19.4944
19.5686
19.4894
19.5182
19.5256
19.59
19.5388
19.4942
19.4459
19.6026
19.4018
19.5184
19.5046
19.5617
19.5163
19.5653
19.5676
19.4969
19.5288
19.5027
19.4434
19.5059
19.4349
19.5454
19.5136
19.5065
19.5532
19.573
19.6185
19.5377
19.4953
19.5687
19.5178
19.4922
19.5614
19.582
19.4401
19.4778
19.5219
19.5875
19.5652
19.484
19.432
19.5681
19.4907
19.5271
19.4974
19.5703
19.5178
19.5402
19.5378
19.5262
19.559
19.4869
19.5719
19.4676
19.5445
19.5399
19.4921
19.5326
19.5522
19.5112
19.5559
19.4909
19.522
19.468
19.4966
19.4287
19.4968
19.4972
19.6226
19.5276
19.4462
19.4807
19.5884
19.5673
19.4764
19.538
19.5397
19.5463
19.4882
19.5595
19.5175
19.5319
19.4307
19.4925
19.5673
19.5031
19.4258
19.5267
19.523
19.5011
19.5283
19.4779
19.4706
19.5292
19.4999
19.5725
19.5276
19.5205
19.5005
19.5272
19.5215
19.4818
19.545
19.5664
19.5932
19.5048
19.5188
19.5125
19.5235
19.5775
19.4839
19.5305
19.5507
19.488
19.5477
19.5184
19.4856
19.5142
19.4157
19.3735
19.5477
19.5632
19.4748
19.4171
19.5908
19.5602
19.6118
19.6215
19.5632
19.5692
19.4369
19.5717
19.5286
19.5204
19.4348
19.5674
19.5106
19.5554
19.4925
19.5462
19.5013
19.5728
19.5226
19.5011
19.5275
19.5131
19.4995
19.5245
19.4848
19.5049
19.5036
19.5204
19.4554
19.5621
19.5816
19.4702
19.4734
19.53
19.549
19.455
19.5102
19.5384
19.5368
19.4885
19.5228
19.4413
19.552
19.5616
19.4934
19.4658
19.5238
19.4694
19.5164
19.5364
19.4995
19.5439
19.5015
19.4647
19.5187
19.4557
19.4974
19.5051
19.4817
19.4017
19.5404
19.5243
19.471
19.4282
19.4774
19.5452
19.5446
19.4664
19.5262
19.5124
19.4844
19.4718
19.5455
19.5073
19.5311
19.5086
19.5321
19.5581
19.6089
19.5802
19.4607
19.5258
19.533
19.5509
19.5254
19.5754
19.5102
19.5268
19.4882
19.4675
19.5329
19.4553
19.5239
19.4767
19.5754
19.4952
19.4521
19.5684
19.5322
19.5098
19.4656
19.5975
19.5408
19.5643
19.4676
19.5869
19.522
19.5205
19.5292
19.4781
19.5647
19.5622
19.5172
19.4438
19.5872
19.5051
19.5517
19.5116
19.619
19.5796
19.4632
19.4967
19.517
19.4731
19.5555
19.5702
19.4914
19.5628
19.4391
19.5021
19.5345
19.4925
19.5178
19.5467
19.5288
19.5615
19.5482
19.47
19.5503
19.4805
19.5795
19.5157
19.4319
19.4728
19.4901
19.4624
19.4535
19.5705
19.4428
19.5378
19.4416
19.4745
19.6318
19.5553
