-2.5601
-1.6834
-2.4497
-2.2257
-1.9176
-2.2253
-1.9585
-1.7456
-1.7033
-2.1476
-1.2955
-1.8743
-2.771
-2.4489
-2.271
-2.3038
-1.6041
-2.2667
-2.032
-2.3092
-1.9915
-2.0705
-2.125
-1.7276
-3.0035
-1.5209
-1.8923
-2.0145
-1.9604
-2.122
-1.6598
-2.58
-1.7473
-2.2502
-2.3531
-1.9909
-1.5521
-1.253
-1.3773
-2.1947
-1.8791
-2.2501
-1.9002
-2.5704
-1.2806
-1.9977
-2.0605
-2.1662
-1.0904
-2.5623
-1.8468
-1.6369
-2.458
-1.9289
-1.7802
-1.989
-2.172
-1.9049
-2.0335
-1.5884
-0.7957
-2.248
-2.7306
-2.2802
-2.0866
-1.7207
-1.1461
-1.4223
-1.721
-1.8763
-1.8803
-1.7928
-2.3138
-2.0915
-1.4798
-2.2821
-2.0914
-2.3545
-2.1589
-2.0514
-2.3802
-1.4048
-1.4577
-1.7363
-2.1517
-2.098
-1.4844
-1.6633
-1.7092
-1.4856
-2.6933
-2.0954
-1.9228
-1.8577
-1.6422
-2.3256
-1.932
-2.1502
-1.3865
-2.4826
-1.8873
-2.0626
-1.8088
-1.9556
-1.9865
-1.5589
-1.8437
-1.9206
-1.7406
-2.1708
-1.7906
-1.7567
-1.1477
-1.4849
-2.0149
-1.4792
-2.142
-1.4918
-1.8692
-2.3041
-2.2025
-2.046
-1.8435
-1.8199
-1.658
-1.8622
-2.1605
-1.4064
-1.7594
-1.4931
-2.3504
-1.4499
-1.6503
-1.8428
-2.2198
-1.4837
-2.2178
-2.8712
-2.1375
-1.592
-1.891
-1.7288
-2.4198
-2.3913
-2.7982
-1.6884
-1.9461
-2.4406
-2.0376
-1.7283
-2.6947
-2.5238
-1.8062
-1.8581
-1.6895
-1.9233
-2.3388
-1.8115
-2.6552
-1.9563
-2.0494
-1.7792
-1.8855
-1.6773
-1.9056
-2.3212
-1.8286
-2.1028
-2.1564
-2.2901
-1.1202
-1.7188
-3.1088
-1.2356
-2.564
-0.9932
-1.2583
-1.632
-1.6067
-2.1752
-2.281
-1.4959
-2.0524
-1.4234
-1.8072
-1.9855
-2.4346
-1.7303
-1.8015
-2.3152
-2.4651
-1.9793
-1.4765
-2.1961
-1.2861
-1.1199
-1.8636
-2.094
-2.4699
-1.6248
-2.5233
-1.4944
-2.0067
-1.7451
-1.9032
-1.7689
-1.6159
-1.9493
-2.1138
-1.6275
-1.7523
-1.851
-2.1879
-1.3
-1.6786
-2.1209
-1.5892
-1.7603
-2.1625
-2.1127
-1.6895
-2.2884
-2.2702
-1.771
-2.4911
-2.0099
-1.7449
-0.8397
-2.0755
-2.2242
-1.9475
-2.249
-2.2511
-1.781
-2.122
-1.7187
-1.6289
-1.6801
-2.8803
-2.2672
-2.1773
-2.2968
-1.7975
-2.0014
-1.91
-2.1258
-1.7546
-2.3672
-1.647
-2.554
-1.5764
-1.6848
-1.377
-1.4567
-1.8869
-1.9772
-2.1391
-2.0557
-1.7427
-1.4914
-2.0731
-2.1596
-1.6643
-1.2408
-1.8125
-1.8296
-1.9515
-1.94
-2.1321
-2.6105
-2.4258
-2.4273
-2.222
-2.9207
-2.0971
-2.1416
-1.9454
-2.1011
-1.7643
-2.5061
-1.6701
-1.8519
-2.3376
-1.1889
-2.1028
-1.9339
-1.684
-2.0643
-1.9026
-2.0603
-2.2572
-2.2653
-1.5091
-1.4761
-0.7222
-1.4515
-1.7853
-2.0461
-2.3119
-2.0835
-1.7965
-1.6537
-2.5242
-1.8194
-1.5729
-1.7757
-2.7282
-2.4162
-2.029
-1.3027
-1.7744
-2.0778
-1.3146
-1.8756
-1.7684
-1.5967
-1.4948
-3.0863
-1.908
-2.8924
-1.3794
-1.3856
-2.504
-2.0256
-1.9215
-2.3167
-1.9084
-1.8285
-1.9145
-1.6216
-2.6184
-2.0543
-2.1451
-2.0406
-2.3306
-2.8814
-1.1631
-2.0637
-1.4383
-1.4443
-1.8552
-1.7347
-2.2183
-2.966
-1.4576
-1.7947
-1.7559
-1.5276
-1.8053
-1.792
-1.2773
-2.0636
-2.2299
-1.716
-1.527
-2.5499
-2.8691
-2.5232
-2.024
-1.4328
-1.6444
-1.9318
-1.8928
-2.1831
-2.6702
-1.7247
-1.9509
-1.5229
-1.814
-1.4742
-2.2502
-2.4945
-2.6952
-2.4125
-2.3409
-1.9699
-1.8887
-1.8879
-2.2602
-1.8382
-1.602
-2.3695
-1.925
-2.2695
-2.1386
-1.7466
-1.7152
-1.4947
-1.6376
-1.7593
-1.3218
-2.302
-1.9334
-1.9618
-1.3428
-2.4549
-1.7639
-1.7532
-1.4981
-2.3996
-1.1574
-1.5553
-2.12
-2.014
-2.2383
-1.9182
-1.4744
-1.7599
-2.3067
-1.3643
-1.7425
-2.3094
-2.3325
-1.6964
-1.3734
-1.9572
-2.3097
-2.4458
-2.3475
-1.6999
-1.8489
-2.125
-2.4981
-1.7433
-1.7831
-1.8438
-2.6172
-2.1368
-1.8776
-2.5255
-2.1542
-1.6294
-2.6519
-1.9682
-0.7592
-2.1165
-1.883
-1.8146
-1.7294
-2.0394
-2.3853
-2.1275
-2.3353
-1.5592
-1.6037
-1.8328
-1.833
-1.8772
-2.1429
-1.8357
-2.3615
-2.5674
-2.0455
-2.3504
-1.2501
-1.7193
-1.5121
-2.2857
-2.2152
-2.2062
-2.0984
-2.3429
-1.3948
-1.2633
-2.5148
-1.1426
-1.7306
-2.3124
-1.684
-2.5
-1.1547
-1.8501
-1.4934
-2.2233
-1.361
-2.1339
-1.7845
-1.9238
-1.4014
-1.9802
-1.8534
-1.9168
-2.0098
-1.8039
-2.0764
-2.4644
-1.1941
-1.846
-2.1845
-1.6906
-2.2621
-1.824
-2.2406
-1.427
-1.8016
-1.8652
-2.3102
-2.1461
-2.1968
-1.3792
-1.5768
-2.1077
-1.9227
-1.6077
-1.9721
-1.5922
-1.8091
-2.2406
-2.0529
-1.947
-1.9173
-2.1076
-1.548
-1.7195
-1.7371
-1.5078
-2.42
-2.2419
-1.8978
-1.8096
-2.7923
-2.5772
-1.8393
-2.2811
-1.9906
-1.7923
-1.9534
-1.883
-1.1546
-2.2348
-1.9991
-1.6283
-1.7279
-2.2695
-1.5573
-1.8598
-1.9718
-1.8078
-2.0613
-2.1483
-1.6366
-2.2178
-2.4556
-2.0089
-1.8868
-2.0183
-1.8828
-2.4219
-2.0684
-1.5939
-2.0855
-1.5749
-1.4697
-2.0273
-1.6438
-2.2174
-1.5313
-2.2179
-1.6199
-1.824
-1.6875
-2.3142
-1.4068
-1.6858
-1.9958
-2.17
-1.8117
-1.5747
-2.5176
-1.87
-2.4841
-2.3964
-1.5307
-2.162
-1.589
-2.2501
-2.4793
-1.6659
-1.8117
-2.2239
-1.5831
-2.5071
-2.2753
-2.081
-1.9812
-2.3279
-2.0931
-1.8908
-2.267
-1.7033
-1.3831
-2.0837
-1.4527
-2.2248
-1.9851
-2.454
-1.5845
-1.9808
-1.6718
-2.0773
-2.2043
-1.5768
-2.0474
-2.3955
-1.5747
-2.4288
-2.0821
-2.119
-1.5193
-1.7228
-1.9772
-1.5558
-1.5341
-1.7847
-2.1232
-2.3765
-1.7282
-2.0857
-0.7201
-2.1202
-1.7888
-2.2341
-2.1626
-2.1648
-1.5882
-1.9942
-2.498
-1.7869
-1.8683
-1.6598
-1.9042
-1.7474
-1.5494
-1.7473
-1.8685
-2.769
-1.7467
-2.0104
-2.4951
-1.5539
-1.8456
-1.7633
-2.0974
-2.1027
-1.7658
-2.1054
-2.1011
-1.7234
-1.987
-1.6253
-1.0798
-2.2628
-2.1217
-1.8918
-2.2698
-1.9575
-2.2677
-2.003
-2.5684
-1.8901
-1.7588
-2.1038
-1.4057
-2.0668
-2.0844
-1.5045
-1.8404
-2.0251
-1.4693
-1.5901
-2.0682
-2.3161
-1.3009
-1.6182
-2.6508
-1.8043
-1.558
-1.2699
-1.9765
-1.6983
-1.9844
-2.0273
-1.9124
-1.4273
-2.1161
-2.0615
-1.0796
-1.9467
-2.0244
-1.9985
-2.4608
-2.3194
-1.5253
-1.9303
-1.9197
-2.1634
-1.5953
-1.3625
-2.0785
-2.1985
-2.5442
-1.3699
-2.741
-1.8769
-2.1585
-2.0587
-2.3494
-1.7109
-1.4086
-2.3045
-1.8168
-1.9207
-2.1071
-1.9305
-1.9609
-1.6258
-2.2739
-2.2586
-2.1005
-1.8532
-1.9649
-2.0942
-1.6244
-1.6204
-2.0232
-1.3611
-1.6393
-2.4883
-1.3669
-1.9981
-1.8224
-2.1973
-1.9883
-1.7363
-2.0501
-1.6649
-1.3072
-2.3693
-2.0612
-2.0652
-2.1863
-2.082
-1.1789
-1.7231
-1.6861
-1.7539
-1.9784
-1.9282
-2.1423
-1.8825
-2.5803
-2.2091
-1.8617
-2.0007
-2.2312
-1.0111
-2.1026
-1.9194
-2.3723
-1.9066
-1.9337
-2.1485
-1.9088
-2.3038
-2.0998
-1.9025
-1.7759
-1.9222
-2.167
-1.8468
-2.1241
-2.8875
-2.8188
-1.4199
-2.0359
-2.0427
-1.9224
-1.764
-2.6398
-2.5263
-1.804
-2.155
-2.0058
-2.8341
-1.6076
-2.427
-1.9457
-2.3406
-1.7691
-1.9047
-2.0552
-2.1824
-1.7081
-1.7781
-1.7744
-1.7529
-1.4535
-2.7636
-1.5312
-1.0491
-2.3671
-1.4049
-1.8683
-2.6611
-2.1782
-2.3917
-1.7245
-2.1959
-1.7777
-2.1379
-1.931
-2.0549
-1.3792
-2.1116
-2.2494
-1.2469
-2.2993
-1.6014
-1.5709
-1.7622
-1.7825
-1.8881
-1.8377
-1.6316
-2.8912
-2.6402
-2.1238
-1.6415
-2.2933
-1.5044
-1.6088
-1.8412
-1.0686
-2.1809
-1.4869
-2.2219
-2.043
-2.2966
-1.444
-1.7404
-2.0089
-1.8414
-1.6196
-1.7463
-1.8574
-2.1922
-2.2861
-1.6147
-2.0878
-2.1875
-1.5795
-2.3181
-1.9203
-1.8779
-2.3018
-1.9498
-1.2696
-1.9795
-1.9246
-1.7461
-1.6602
-1.4651
-1.9615
-2.5918
-2.5454
-1.6933
-2.0899
-1.6411
-1.724
-2.2288
-2.2932
-1.3577
-1.6928
-2.1565
-1.9503
-1.546
-2.3469
-2.0211
-1.9215
-1.6317
-2.0135
-2.3123
-1.6107
-1.7782
-2.504
-2.1204
-1.7584
-1.6517
-2.1164
-2.0432
-1.9436
-2.0433
-1.8532
-1.8535
-1.7758
-1.9114
-2.2176
-1.4574
-2.3683
-1.6173
-2.251
-1.7306
-2.5169
-1.6438
-2.0464
-1.4981
-2.4162
-1.8842
-1.8183
-2.0688
-2.0085
-1.8069
-1.3494
-1.4251
-2.1287
-1.5952
-2.044
-1.9773
-2.7327
-2.2309
-2.1554
-2.9759
-2.2013
-2.3729
-2.006
-1.9356
-2.4295
-1.3936
-1.7527
-1.7641
-2.6598
-1.9642
-1.6056
-1.55
-2.376
-2.0342
-2.2217
-2.1063
-2.1563
-1.9698
-2.0682
-1.6856
-1.9143
-1.9617
-2.479
-2.1444
-2.1611
-1.8051
-2.2596
-1.921
-2.0441
-1.6686
-1.5213
-1.6456
-2.0276
-2.1963
-2.4708
-1.9199
-2.2352
-1.8182
-1.9837
-2.2024
-1.7663
-2.2586
-1.6645
-1.9387
-2.202
-2.0805
-2.4672
-1.9231
-1.9913
-2.1247
-1.9757
-2.0728
-2.1334
-1.9303
-1.9207
-1.997
-2.5751
-1.707
-2.6651
-1.9334
-2.1
-1.0079
-1.4029
-2.1051
-2.526
-1.4319
-2.3763
-3.0413
-1.5982
-2.0125
-2.3567
-1.4348
-2.3061
-2.3939
-2.0701
-1.7883
-2.2122
-2.3468
-1.9843
-1.9063
-2.4679
-2.2284
-1.5208
-2.2782
-1.7156
-1.9677
-2.264
-1.499
-2.2225
-2.2198
-1.9056
-1.865
-2.2479
-1.8445
-1.0818
-2.1534
-2.0567
-2.0935
-2.0503
-1.9837
-2.461
-2.5232
-1.7477
-1.3117
-1.4922
-2.2081
-2.4445
-2.123
-1.9457
-2.1264
-1.4959
-2.5219
-2.3225
-2.6034
-1.7556
-2.3743
-1.6286
-2.3172
-2.0963
-2.5511
-2.5616
-1.9202
-2.1125
-1.8439
-1.8584
-1.9282
-2.5744
-2.194
-2.3651
-2.3075
-1.9144
-1.3322
-1.8635
-1.8201
-2.4692
-1.6203
-1.52
-1.5096
-1.8161
-2.0817
-1.8414
-1.1383
-2.8455
-1.9098
-2.0129
-2.0404
-2.4231
-1.3669
-1.917
-1.9507
-2.2141
-1.6549
-2.1269
-1.6454
-1.6375
-1.6769
-2.2181
-1.6138
-1.1855
-2.7591
-1.762
-1.6712
-2.1114
-2.0763
-2.399
-2.0185
-2.8011
-1.3047
-1.9531
-3.0468
-2.4239
-2.2464
-2.1487
-2.6556
-1.3176
-1.3608
-1.8882
-2.3152
-1.7529
-2.6053
-2.3022
-1.5555
-1.506
-2.443
-2.2664
-1.9321
-1.3974
-2.309
-2.4715
-2.1526
-2.7477
-1.8231
-2.1604
-2.3078
-1.672
-1.7358
-2.373
-2.6035
-1.622
-1.9092
-1.8721
-2.1714
-1.9493
-1.9366
-1.592
-1.9615
-2.3161
-2.0181
-1.8976
-1.6723
-2.3859
-2.2796
-2.2837
-1.5963
-2.0875
-2.0678
-2.0398
-1.5019
-2.166
-1.3822
-2.239
-2.2843
-1.8844
-1.7697
-1.6123
-2.2098
-1.9711
-1.9433
-1.8119
-2.6468
-2.8608
-1.775
-2.1458
-2.0657
-2.0828
-1.8525
-1.7875
-2.672
-1.9741
-2.2439
-2.0743
-1.831
-1.6848
-1.9455
-1.7891
-2.1409
-2.5309
-1.4196
-1.9378
-2.0076
-1.595
-1.7995
-1.7388
-1.6677
-2.1606
-2.4014
-1.6995
-2.4785
-1.8965
-2.3612
-2.2691
-2.5199
-1.6067
-2.5171
-2.027
-1.6959
-1.8129
-1.4872
-1.389
-2.8079
-2.0967
-2.3982
-2.5013
-1.7866
-2.2626
-1.7701
-1.4669
-1.5013
-2.2619
-1.952
-2.8958
-2.5571
-1.5435
-2.5499
-2.2902
-2.1697
-2.3187
-2.1078
-1.7283
-1.8363
-1.3553
-1.5986
-2.3569
-2.3705
-2.2361
-1.5311
-1.9726
-1.6052
-2.6066
-2.5086
-1.6767
-2.5132
-2.5464
-2.0124
-1.2954
-1.6852
-2.24
-0.9826
-1.7609
-2.4569
-1.9217
-2.6865
-1.2894
-1.2438
-1.9611
-2.7081
-2.4392
-2.4581
-2.2193
-2.0344
-1.7409
-1.425
-1.7344
-1.9317
-2.1402
-2.5706
-1.9502
-1.5118
-1.353
-2.1419
-1.6425
-2.016
-2.5605
-1.8374
-1.8935
-2.4627
-2.3639
-1.6078
-1.7593
-1.5458
-1.6771
-1.88
-2.0828
-1.8133
-2.3099
-2.3521
-1.9968
-1.7228
-2.2112
-2.1678
-1.2217
-2.3408
-2.3817
-2.5464
-2.3766
-2.2649
-1.6285
-2.3041
-2.098
-1.5159
-1.554
-2.0194
-1.9559
-1.9815
-1.9937
-2.0187
-1.2583
-1.4562
-2.3333
-2.1489
-2.3223
-1.8851
-2.8207
-2.4832
-2.2566
-1.4457
-1.8817
-1.8703
-2.1871
-2.17
-2.5023
-1.6255
-1.8445
-1.5419
-2.059
-2.2325
-1.4452
-1.8463
-1.8857
-1.51
-2.0932
-2.5321
-1.8065
-1.2492
-1.8754
-1.664
-2.1688
-1.556
-2.2312
-1.7614
-1.5523
-1.7292
-2.4458
-2.2473
-2.2976
-2.1819
-1.7729
-2.1583
-2.1357
-2.2253
-2.9434
-2.4167
-1.9316
-2.2688
-2.3128
-2.5888
-1.8522
-2.3243
-1.8973
-2.136
-1.7429
-2.3044
-1.8415
-1.5074
-2.1905
-2.3583
-2.1039
-1.9097
-1.8071
-2.0106
-2.2303
-1.6012
-2.5899
-2.4434
-1.4642
-1.5059
-1.9554
-1.4244
-2.1181
-1.9266
-2.468
-1.9988
-2.0218
-1.9512
-1.4884
-2.2246
-2.1063
-2.1314
-2.2319
-2.0701
-1.1219
-2.6766
-1.914
-1.2841
-2.5944
-1.3398
-2.4731
-2.0214
-1.0716
-1.0728
-2.3901
-1.9469
-2.776
-2.7506
-2.0648
-2.1017
-1.8666
-1.8903
-1.6023
-1.9256
-1.9498
-2.3859
-1.2684
-1.2837
-2.6244
-1.8311
-2.6698
-1.7123
-2.5864
-1.9958
-1.6938
-2.6633
-1.6658
-1.8232
-1.8233
-2.4856
-1.1682
-1.755
-2.3371
-1.3364
-2.1823
-2.3673
-2.2478
-1.9795
-1.6078
-1.9097
-2.2915
-1.4962
-1.7573
-1.651
-2.2295
-1.7722
-2.6972
-2.1222
-2.2818
-2.0574
-2.293
-1.8401
-2.11
-2.1038
-1.4045
-1.9147
-1.5779
-2.0444
-1.5103
-1.3975
-1.532
-2.1224
-1.6428
-1.9602
-1.8498
-1.9289
-2.1752
-2.4363
-2.3278
-2.4304
-1.8944
-2.0852
-1.5696
-2.3463
-1.0912
-1.9466
-1.9042
-2.4341
-1.4612
-2.0714
-1.6239
-1.9611
-1.9157
-2.3425
-2.1921
-2.0704
-1.7571
-1.7712
-1.6574
-2.2706
-1.3918
-2.0086
-2.2598
-2.1688
-1.4135
-2.1758
-2.0496
-1.4422
-1.8248
-2.7458
-1.6123
-1.5284
-2.5148
-1.8234
-1.8393
-1.9473
-1.6778
-1.9821
-1.6914
-2.2206
-1.9737
-1.7796
-2.1963
-1.6254
-2.1373
-2.5813
-1.8316
-2.5088
-2.1355
-2.2399
-2.5574
-2.249
-2.2515
-2.3009
-1.4296
-1.8227
-2.8473
-1.9633
-2.5108
-2.0325
-2.4107
-2.5219
-2.3759
-1.9652
-2.5218
-2.0967
-1.8234
-2.1677
-1.7348
-2.791
-1.4969
-1.804
-1.7666
-1.8428
-2.0733
-1.9903
-1.9616
-1.6137
-2.1333
-1.7196
-2.2331
-1.724
-2.5136
-2.1519
-1.726
-2.6928
-2.5431
-2.2742
-2.3547
-2.0116
-2.3914
-1.7829
-1.7394
-2.1494
-1.9612
-1.5713
-1.7463
-2.2261
-2.1718
-1.7118
-2.9171
-1.8398
-2.097
-2.5439
-1.5169
-1.6937
-1.4334
-1.9087
-2.1728
-1.9731
-2.3028
-1.7817
-2.5111
-2.4127
-1.7711
-1.8785
-1.6817
-1.9232
-2.221
-0.992
-1.8109
-2.97
-1.7086
-1.7709
-1.8451
-2.3145
-1.4881
-2.5921
-1.4993
-2.4274
-2.4171
-2.0213
-2.5484
-1.6395
-1.6203
-1.8754
-2.5652
-1.2871
-2.676
-1.4543
-1.9953
-1.964
-1.8589
-1.8934
-1.8089
-1.8753
-1.8206
-2.265
-1.4655
-1.9623
-1.6756
-1.7661
-2.0484
-1.7338
-2.1983
-1.761
-2.1058
-1.8522
-2.1695
-2.2758
-1.446
-1.9989
-1.3212
-2.0302
-2.4296
-1.7829
-2.534
-1.735
-1.8983
-2.3197
-2.0638
-2.1048
-1.8938
-1.822
-1.8985
-2.1566
-2.5418
-2.8286
-1.8495
-1.8096
-2.0955
-1.8686
-2.101
-1.6179
-1.6976
-1.9894
-2.3595
-2.0407
-1.6676
-2.5588
-1.8214
-2.4155
-2.1367
-1.6345
-2.0493
-1.6537
-1.7019
-2.0973
-2.2461
-1.7963
-1.5252
-2.295
-1.6416
-1.8794
-2.1591
-2.5255
-1.8845
-2.3059
-2.1586
-1.9349
-1.535
-1.8831
-2.1741
-2.2197
-2.3096
-2.2794
-1.9826
-1.8204
-2.2635
-2.0869
-1.6253
-1.6141
-2.0075
-2.0463
-1.7161
-2.5712
-2.2343
-2.3487
-2.6034
-1.2839
-1.4371
-2.5455
-2.1547
-2.006
-1.9924
-1.6809
-1.8845
-1.659
-1.3993
-1.9277
-2.2815
-1.6458
-2.6627
-2.5832
-2.098
-1.9241
-1.9531
-1.9653
-1.505
-1.4844
-1.7442
-1.2975
-1.719
-1.9094
-1.7089
-2.3552
-1.323
-2.1063
-1.7584
-2.2687
-1.6752
-2.1987
-2.5186
-1.8917
-1.8211
-2.2672
-1.5441
-1.8272
-0.6931
-1.432
-1.9896
-2.2416
-1.6091
-2.175
-2.2186
-1.7046
-1.9007
-2.1688
-2.0315
-1.5254
-2.3966
-1.7733
-2.5442
-2.2538
-1.8866
-2.309
-2.0426
-1.9964
-2.6082
-1.5558
-2.0681
-2.3426
-2.2976
-1.3051
-1.6622
-2.0103
-1.36
-1.8829
-2.0442
-2.1147
-2.5421
-2.1007
-2.0876
-1.8486
-1.6316
-2.3384
-1.7794
-2.0351
-1.5232
-1.3977
-2.4116
-2.2584
-1.9725
-1.514
-1.4716
-2.0985
-1.686
-2.01
-2.6725
-2.2547
-2.7421
-2.2315
-2.4446
-1.2463
-2.022
-2.0828
-2.3184
-2.1454
-3.2032
-2.5464
-2.4714
-2.0335
-2.202
-1.7608
-2.5253
-1.5134
-2.0453
-1.5472
-1.8762
-2.5495
-1.6234
-2.1251
-1.7664
-2.4166
-2.1064
-2.2799
-2.085
-1.5992
-1.5796
-1.7482
-1.8731
-1.7056
-1.0461
-2.0273
-2.0404
-1.77
-1.825
-1.8071
-2.5484
-1.4725
-2.1821
-2.1001
-2.4913
-1.9489
-2.3322
-1.457
-1.4687
-1.1626
-2.222
-2.0198
-1.8481
-2.1731
-1.5673
-2.3053
-1.8652
-2.0043
-1.9086
-1.5226
-1.4379
-2.4499
-2.3086
-2.022
-1.5404
-1.7415
-1.9976
-2.6628
-2.031
-2.0135
-2.0487
-1.7697
-1.8091
-2.8098
-1.4955
-1.887
-1.9928
-1.8039
-1.6595
-2.1529
-2.0213
-2.0809
-2.8166
-1.2022
-1.6506
-2.0746
-1.7761
-1.8919
-2.8226
-1.9374
-2.1844
-1.8852
-2.0623
-2.1587
-1.8014
-2.2033
-2.098
-2.0376
-1.6255
-2.1734
-1.6158
-2.0674
-1.563
-2.1621
-2.2866
-1.4095
-2.7579
-1.0171
-2.214
-2.7884
-2.505
-2.5923
-2.3876
-1.3168
-1.6706
-2.5887
-1.9926
-1.7514
-2.4103
-2.5084
-1.9828
-2.0082
-2.1476
-1.8427
-1.9245
-1.9694
-1.8372
-1.5791
-2.1119
-2.6336
-2.9834
-2.2948
-2.7136
-0.9491
-1.277
-2.2948
-2.1562
-1.9708
-2.0972
-2.4066
-2.0126
-2.1803
-1.2505
-2.11
-2.147
-1.8172
-1.568
-2.0907
-1.6978
-2.5617
-2.6002
-1.6844
-2.442
-1.3436
-1.9142
-1.4955
-1.9361
-1.8238
-1.8345
-1.7863
-1.6467
-2.3435
-2.1882
-2.1545
-2.5751
-1.7798
-1.7427
-2.1545
-1.8941
-2.3033
-2.6604
-1.2825
-2.3335
-1.713
-1.838
-1.3845
-2.231
-2.7477
-2.3151
-1.8829
-1.6704
-2.0666
-1.9876
-1.9737
-1.8314
-1.6804
-1.3186
-1.6251
-1.7309
-2.2366
-1.9764
-2.1542
-2.0024
-1.7718
-1.9827
-1.4712
-1.3341
-1.8851
-2.1539
-2.232
-2.3979
-1.847
-1.3867
-2.1226
-2.1347
-1.8174
-2.0001
-2.2198
-1.8522
-2.2139
-2.5741
-1.9938
-2.1759
-2.5263
-2.4076
-1.7354
-1.6092
-1.8
-2.5169
-1.9751
-2.172
-2.417
-1.2861
-1.9472
-2.0916
-2.2197
-1.7981
-2.1566
-2.0894
-2.114
-2.2659
-2.4312
-2.1242
-1.8765
-1.8845
-2.2996
-2.0894
-2.2943
-2.2359
-2.1013
-2.4017
-1.4132
-1.817
-1.8591
-2.3529
-2.2066
-2.3783
-1.7234
-2.3704
-1.8697
-1.6802
-1.3444
-1.4653
-2.2278
-2.4366
-1.6704
-1.8534
-2.3021
-1.3539
-1.7776
-2.0366
-2.3985
-1.6221
-1.9967
-2.237
-1.1395
-2.2372
-1.5697
-2.2984
-2.1998
-2.2103
-2.1455
-1.7319
-2.2993
-2.0836
-2.3974
-1.7106
-2.1358
-1.756
-2.5356
-1.63
-1.6432
-2.3352
-2.5075
-1.9917
-2.1949
-2.0063
-2.1533
-1.8052
-1.957
-1.724
-2.4949
-1.94
-1.6774
-1.8069
-2.6558
-1.4806
-2.0497
-2.7144
-2.2952
-1.7991
-1.5217
-1.7641
-2.0306
-1.1096
-2.4405
-1.8343
-1.6508
-1.6847
-1.8821
-2.2034
-1.9185
-2.0023
-1.5832
-2.5972
-1.8244
-3.0206
-1.3841
-1.8634
-1.9284
-1.8883
-2.1564
-2.1431
-1.5842
-2.8646
-1.7732
-2.2891
-2.0388
-2.2306
-2.0047
-2.1033
-1.9624
-2.3242
-1.6776
-2.0766
-2.1727
-1.9893
-1.4133
-2.3123
-2.5514
-2.3037
-2.7031
-1.7967
-1.6573
-1.8165
-1.8556
-1.4318
-1.871
-2.8488
-2.3757
-1.9532
-2.4168
-2.3974
-2.0316
-2.3906
-1.7317
-1.4677
-2.2992
-2.1181
-1.6952
-1.8458
-1.8309
-2.0245
-2.0898
-1.4662
-1.54
-2.0455
-2.0106
-1.9577
-1.5456
-1.9026
-2.4168
-2.4123
-2.0933
-1.6722
-2.2712
-2.0146
-2.0864
-1.86
-2.3765
-2.3625
-2.2084
-1.7213
-1.756
-1.8789
-2.5046
-1.6023
-1.8722
-1.9927
-1.6503
-2.2535
-2.2692
-2.5026
-1.3376
-2.3713
-1.5225
-1.9122
-2.6184
-2.1773
-2.4941
-1.8149
-1.8699
-1.5791
-2.2737
-1.4101
-2.4231
-2.0331
-1.5938
-2.0603
-1.4907
-2.0333
-1.9278
-0.9806
-1.7338
-2.3361
-2.4382
-2.2846
-2.1688
-1.5712
-1.8308
-2.4141
-1.6384
-2.591
-2.0781
-2.027
-2.1849
-1.8166
-1.862
-1.9034
-1.9552
-2.1075
-1.7747
-1.6555
-1.915
-2.1257
-2.4309
-2.3691
-2.0787
-1.8911
-2.5545
-1.6593
-1.9756
-1.9924
-2.2188
-1.6272
-1.7935
-1.6514
-2.7055
-2.2689
-1.3974
-1.9866
-2.3155
-1.53
-1.9936
-1.9438
-1.2469
-2.4441
-1.4901
-1.8855
-2.742
-2.1576
-1.3351
-2.9456
-1.5648
-1.8928
-1.1805
-2.2587
-2.5426
-2.3656
-2.5496
-2.29
-2.4791
-2.3302
-2.5659
-2.2735
-1.7243
-1.5354
-2.1507
-1.8899
-1.2155
-2.1909
-1.7485
-1.7788
-1.6805
-1.7828
-1.9637
-1.5645
-2.2578
-1.192
-1.9787
-2.3092
-1.9235
-1.8573
-1.9143
-2.3266
-2.0348
-2.0897
-2.0233
-1.9621
-1.6634
-1.2497
-1.2849
-1.6167
-1.8227
-1.6774
-2.1128
-1.1291
-1.7912
-1.4325
-1.9518
-1.1762
-1.568
-2.1613
-1.4148
-1.9288
-2.0289
-1.7979
-1.9301
-2.2018
-2.3367
-1.8984
-1.994
-2.3256
-2.4488
-1.2418
-1.9887
-1.3045
-3.0978
-1.9553
-1.7093
-2.7005
-1.8861
-1.4684
-1.6872
-2.3107
-2.2262
-1.8516
-1.9298
-1.416
-1.9938
-1.7861
-1.5899
-2.04
-2.4499
-1.8935
-1.3538
-2.4125
-1.811
-1.9306
-1.1292
-3.2053
-1.3861
-2.255
-1.6755
-2.124
-1.5738
-2.5532
-2.4828
-1.8069
-1.4201
-1.1717
-2.3207
-1.9369
-2.3284
-2.223
-1.2633
-2.0813
-1.9335
-2.2916
-2.6377
-1.9798
-2.145
-2.2218
-2.0944
-2.2301
-2.6732
-2.0045
-1.4597
-2.426
-1.9566
-2.2815
-1.498
-2.0842
-1.6678
-2.3618
-2.1567
-2.2375
-2.1455
-1.2388
-1.3357
-1.9164
-2.1452
-1.8456
-2.1846
-2.2527
-2.0252
-1.8097
-2.4039
-2.7035
-2.317
-2.1564
-2.2297
-2.2684
-2.3833
-2.0604
-1.4712
-2.1812
-1.9106
-2.0353
-1.6108
-1.6254
-1.8837
-1.8005
-1.0226
-1.912
-1.9673
-1.7878
-2.2279
-2.0051
-2.0826
-2.3866
-2.408
-1.9463
-1.9537
-1.584
-1.0398
-1.8133
-2.2978
-2.7708
-1.7829
-1.3087
-1.9291
-1.8641
-2.2211
-2.3076
-2.2608
-1.6683
-2.0736
-1.6669
-1.3485
-2.2877
-0.8155
-1.8923
-2.7888
-1.333
-2.0783
-1.8604
-2.1041
-2.3114
-2.0755
-1.8564
-2.2801
-2.1698
-1.4337
-2.0637
-1.8524
-1.9327
-1.9612
-1.9249
-2.2662
-2.139
-2.5302
-1.6118
-1.9396
-2.5887
-2.1359
-2.1017
-2.2033
-2.7284
-1.3189
-2.4741
-1.8084
-1.5582
-1.9538
-1.8062
-1.8694
-1.5423
-2.4312
-2.1886
-1.6509
-1.6873
-1.586
-1.78
-1.9883
-1.8293
-1.7667
-2.3063
-2.3883
-3.1313
-2.5491
-1.0166
-1.7002
-1.777
-1.4853
-2.3595
-1.2652
-1.8563
-2.1648
-2.0345
-1.789
-1.8435
-1.9997
-2.261
-2.4013
-1.8796
-1.4729
-2.566
-2.099
-2.0054
-1.5344
-2.1304
-2.3036
-2.3895
-2.2537
-1.913
-1.4846
-2.1211
-1.7029
-1.5568
-1.9996
-1.7259
-1.6036
-2.2579
-1.9253
-1.8539
-2.5324
-1.4807
-2.4766
-1.9201
-2.098
-2.2912
-2.1272
-2.2886
-2.1587
-2.9151
-1.463
-2.0379
-1.1846
-2.3108
-1.7542
-2.2774
-1.7591
-1.9258
-2.4774
-1.781
-2.0788
-1.8357
-2.1641
-1.188
-1.9996
-0.8636
-1.9755
-2.5548
-1.5593
-2.4524
-1.9024
-2.0214
-1.8776
-2.7691
-2.3374
-2.2639
-2.2986
-2.4655
-1.4342
-1.5802
-1.295
-2.4424
-1.8008
-1.8868
-2.1058
-1.5425
-2.0794
-1.9428
-2.0037
-2.1597
-1.8503
-2.9572
-1.812
-2.2
-2.2826
-2.0815
-2.4872
-1.2267
-1.8649
-1.7575
-1.8929
-1.5902
-1.9943
-2.0479
-3.0792
-2.0956
-1.6057
-2.3994
-2.4256
-1.6433
-2.0755
-1.5818
-2.3947
-2.4259
-2.2559
-1.9999
-2.0334
-1.8314
-2.1182
-2.1256
-2.0273
-2.4003
-2.1518
-1.9866
-1.3503
-1.6812
-1.7422
-1.9563
-2.0229
-1.7812
-2.2352
-1.6689
-1.5347
-1.6679
-1.7337
-2.1037
-2.392
-1.9289
-1.9187
-1.7564
-1.4009
-2.115
-1.6961
-1.7763
-2.1351
-1.986
-2.2724
-1.6173
-2.3318
-1.7013
-1.8356
-0.9829
-1.8381
-1.6798
-2.0003
-1.7477
-1.4165
-2.3811
-1.9829
-1.9877
-2.1963
-1.576
-1.5828
-2.0258
-2.163
-1.4355
-2.5158
-1.6738
-2.0358
-1.6196
-1.8709
-2.3219
-1.9027
-1.7601
-2.1249
-1.9875
-2.0804
-2.2924
-1.8245
-2.0881
-1.4253
-1.4903
-1.934
-1.7136
-1.8581
-2.5975
-1.6872
-1.3894
-1.4909
-2.5586
-2.1813
-2.5013
-1.7198
-2.4324
-2.2622
-2.2887
-1.843
-2.2457
-1.6088
-1.6992
-1.3251
-2.0748
-2.0986
-1.5315
-1.6795
-1.5686
-2.0286
-1.9156
-2.2129
-1.7935
-1.9712
-2.4277
-2.4617
-2.5645
-1.6099
-1.1362
-2.2992
-2.9253
-1.8706
-2.5121
-2.5647
-1.884
-2.0021
-2.5172
-2.6255
-2.5106
-1.5375
-2.1445
-1.7062
-2.1928
-2.5885
-2.266
-2.6796
-1.7558
-2.1182
-0.8925
-2.0612
-2.5914
-2.166
-1.7709
-1.7603
-2.3935
-2.0303
-2.0992
-1.92
-2.126
-1.947
-2.1704
-1.3514
-1.9233
-2.1879
-2.5802
-1.8335
-2.4619
-2.2521
-1.9814
-2.294
-1.5607
-1.6724
-1.8284
-1.0561
-1.9246
-1.9216
-1.8988
-2.5785
-1.801
-1.6839
-1.3999
-2.3891
-1.7018
-1.8235
-2.6478
-2.1684
-2.4399
-1.7527
-1.9808
-2.229
-2.3886
-1.623
-1.4208
-1.9734
-1.6814
-1.7436
-2.336
-1.4647
-1.9285
-2.3174
-2.1568
-1.8328
-1.5739
-1.684
-1.6364
-2.4877
-1.5609
-2.1604
-1.7319
-1.272
-1.67
-1.8264
-1.6891
-1.6961
-1.1934
-2.0798
-2.3814
-2.0041
-1.2052
-1.7336
-2.1137
-1.6301
-1.7918
-2.1927
-1.6562
-1.3602
-2.5654
-2.2553
-1.4886
-1.8438
-2.2308
-1.3389
-2.6181
-2.2061
-1.5958
-1.6768
-1.6767
-1.7155
-1.0796
-2.3572
-1.3373
-1.9634
-1.9118
-1.8305
-2.7005
-1.4957
-1.9188
-1.9307
-1.7049
-2.266
-2.2329
-2.6686
-1.9419
-2.621
-2.9827
-1.7092
-2.1446
-1.7919
-2.1686
-1.7859
-1.8845
-1.8116
-1.5476
-2.4039
-1.5572
-2.3501
-1.7139
-1.5685
-1.2967
-1.3227
-2.1998
-2.5619
-2.0942
-2.056
-2.2318
-2.465
-2.0891
-1.8206
-2.5692
-1.5674
-2.2549
-2.0182
-1.3235
-1.4686
-2.1331
-1.5712
-2.3077
-1.9292
-2.1802
-2.2489
-1.364
-1.5898
-2.1618
-1.934
-2.4121
-1.1984
-1.4205
-1.3299
-1.5681
-2.5757
-2.3291
-2.4185
-2.1528
-1.9444
-1.3487
-1.9692
-1.7795
-1.4827
-1.1351
-2.4638
-1.5016
-1.6694
-2.7672
-2.1281
-2.0671
-1.8715
-1.7149
-2.1148
-2.0037
-1.6331
-1.6265
-2.0924
-1.9828
-2.9184
-2.2622
-2.0219
-2.2763
-2.1222
-1.5851
-1.6339
-2.3316
-1.8471
-1.9648
-1.7572
-1.8994
-1.639
-2.0124
-2.2976
-1.7308
-2.0027
-1.8598
-1.7921
-1.5009
-2.3
-1.7949
-1.7935
-1.978
-2.2117
-2.5433
-1.9079
-2.2433
-2.1736
-2.1057
-1.6484
-1.9385
-2.2634
-1.8768
-1.3616
-2.3052
-1.7717
-1.7359
-2.1815
-1.5843
-2.2868
-1.6549
-1.6616
-1.9495
-1.8187
-1.6756
-1.5954
-1.252
-2.6023
-2.9214
-1.5755
-1.6382
-0.8578
-1.5284
-1.9627
-2.7438
-1.5102
-2.4888
-1.6753
-1.4265
-1.9278
-1.8791
-1.9433
-2.3396
-2.2831
-2.1329
-2.6185
-1.9885
-2.0045
-1.4916
-2.6838
-1.9298
-1.9758
-1.8998
-1.6202
-1.2197
-0.7245
-1.6629
-1.741
-1.6056
-1.8311
-1.6408
-2.3457
-2.1134
-2.5403
-1.3585
-2.112
-1.5686
-1.4242
-1.876
-1.6213
-1.9169
-0.8478
-2.3183
-1.9595
-1.9132
-1.8092
-1.9455
-1.2014
-2.3547
-2.0722
-1.8843
-2.1688
-2.349
-2.0773
-1.8899
-1.8252
-1.6141
-2.0214
-1.9179
-1.7804
-1.601
-2.2979
-1.93
-2.1801
-1.6224
-1.916
-1.4369
-1.5844
-1.5832
-1.7984
-2.6527
-1.6968
-1.6236
-1.9648
-2.2874
-2.512
-1.9278
-1.8362
-1.7629
-2.2487
-2.5198
-2.24
-1.9027
-2.1134
-1.5973
-1.4318
-1.5335
-2.1178
-2.8976
-2.1746
-2.3644
-1.7492
-1.6677
-1.1992
-1.7925
-1.7612
-2.0149
-1.8739
-1.7388
-2.358
-2.1916
-1.8286
-2.1986
-1.6858
-1.578
-1.8636
-2.21
-1.7643
-1.5879
-1.6424
-2.4126
-2.5921
-2.7953
-1.8186
-2.4656
-1.9554
-1.4955
-1.3272
-2.2589
-2.2868
-2.0322
-1.7352
-1.5425
-1.6439
-2.6808
-1.7809
-1.8614
-1.6578
-2.845
-1.7411
-1.949
-2.2528
-2.0531
-1.4967
-2.1002
-1.4514
-2.0531
-1.8361
-1.9
-1.8953
-1.8007
-2.7168
-2.0149
-2.2679
-2.4692
-2.0713
-1.6976
-1.8093
-2.016
-1.795
-2.4917
-1.966
-2.0507
-2.2629
-1.997
-1.3394
-1.9195
-1.3672
-2.4406
-1.644
-1.6556
-1.5048
-1.9408
-2.1062
-2.5061
-2.359
-1.8851
-2.4371
-1.7501
-2.1123
-2.5895
-2.0585
-1.4169
-1.4357
-2.7365
-1.3255
-2.5631
-1.7918
-2.2481
-1.8484
-2.41
-1.7884
-1.5503
-2.1875
-1.5455
-2.0095
-2.3031
-1.9206
-1.9519
-1.5202
-2.2141
-1.8393
-1.4208
-1.7302
-1.7301
-1.5066
-2.1604
-1.9684
-1.6789
-2.2859
-1.5508
-1.8313
-1.9362
-2.1036
-2.2172
-2.0573
-1.9001
-2.3598
-2.025
-1.8556
-1.4195
-1.4705
-2.5372
-1.0362
-1.8995
-2.6815
-2.1628
-1.633
-2.054
-2.0464
-2.3824
-2.0781
-1.6838
-1.6057
-2.1887
-1.9389
-2.7291
-1.9823
-1.8646
-2.3107
-1.2107
-1.937
-2.0553
-1.6221
-2.3665
-1.8967
-2.0569
-1.7256
-2.156
-2.4637
-1.794
-1.1289
-2.4347
-1.4293
-2.1743
-1.8496
-1.4876
-1.8825
-1.8174
-2.0039
-1.8981
-1.7076
-2.0238
-2.02
-1.8497
-2.0434
-1.213
-2.1762
-1.7882
-2.3105
-1.3838
-2.3949
-1.5436
-1.6221
-2.6608
-1.8634
-1.1988
-1.9317
-1.4887
-1.414
-1.7181
-1.5458
-1.587
-2.0117
-1.7441
-2.1474
-1.6859
-2.2275
-2.432
-2.5306
-2.2324
-2.1894
-2.734
-2.5758
-2.2173
-1.3378
-2.2432
-2.075
-2.7725
-1.5092
-1.7682
-1.7537
-2.3063
-2.3809
-2.127
-1.4752
-1.8976
-2.6107
-1.709
-2.1836
-2.2922
-1.9055
-2.3242
-2.2052
-2.1364
-2.7575
-2.0208
-2.3831
-2.7218
-1.4674
-2.1874
-2.2194
-2.0918
-2.2384
-1.977
-2.1373
-1.7477
-2.3924
-0.9912
-1.6186
-1.552
-1.931
-1.9323
-2.33
-1.8229
-2.607
-1.2
-1.5153
-2.2454
-1.9888
-2.2515
-2.0222
-2.0913
-1.7803
-1.9197
-2.2901
-2.3162
-1.8882
-2.0512
-2.2119
-2.6317
-1.88
-1.9935
-1.8948
-1.8175
-2.556
-2.0543
-2.4997
-2.2043
-1.6804
-2.1081
-2.3693
-1.6282
-2.5372
-2.0997
-2.0055
-1.739
-2.3731
-1.6253
-2.0011
-2.3329
-1.7964
-1.7317
-2.0125
-1.8595
-2.2076
-1.7049
-1.9562
-1.9965
-2.4595
-2.1694
-1.5066
-1.9409
-2.3642
-3.1589
-2.4344
-2.6505
-2.7141
-1.9871
-2.1066
-2.0426
-2.4228
-2.3588
-2.311
-1.7335
-1.0561
-1.7085
-1.5911
-1.6728
-2.1924
-2.1444
-1.4959
-1.5225
-1.7159
-2.2611
-2.3749
-1.6828
-1.7064
-1.9305
-1.916
-2.6169
-1.5142
-1.8553
-1.928
-1.7324
-2.0164
-1.3582
-0.9993
-1.2694
-1.8638
-1.7219
-2.2038
-1.9445
-2.4736
-2.1306
-3.0393
-2.29
-2.2978
-2.3146
-1.6647
-2.448
-2.2536
-2.0776
-1.8968
-1.6642
-2.4046
-2.2426
-1.2941
-1.8527
-1.4328
-1.5965
-1.4083
-1.5195
-2.0582
-2.6097
-2.0243
-1.8719
-2.1344
-1.4803
-1.8439
-2.7167
-1.4783
-1.8393
-1.6951
-2.0274
-2.2911
-1.8695
-1.8838
-2.1031
-1.9686
-2.4713
-1.8825
-1.5143
-2.0869
-2.2188
-1.623
-2.1188
-1.9621
-2.1905
-2.1859
-2.3075
-1.1445
-2.1278
-1.9758
-1.9316
-2.3903
-1.6259
-2.1194
-1.945
-2.2939
-1.7507
-2.1134
-2.0014
-1.2515
-1.7384
-1.9286
-2.1067
-1.7913
-1.271
-2.0409
-1.7551
-2.6271
-1.8874
-1.6871
-1.7968
-1.8591
-2.4017
-1.6785
-1.9891
-1.3711
-1.7119
-1.751
-1.5635
-1.1772
-1.435
-2.2907
-2.1554
-1.5419
-2.0833
-1.747
-2.364
-2.0625
-1.5932
-2.0347
-1.7585
-1.5474
-2.0615
-2.3029
-1.8132
-1.7537
-2.1138
-2.2097
-1.7911
-1.9156
-2.2635
-1.6704
-1.8306
-1.8811
-2.4514
-1.2985
-2.446
-2.0162
-1.9316
-1.565
-2.2876
-2.1596
-1.6772
-2.0631
-2.8196
-1.9991
-2.5564
-2.3602
-1.6205
-1.566
-1.7336
-2.2353
-1.845
-1.7951
-1.658
-2.2209
-1.6876
-2.5046
-2.4747
-2.753
-1.9348
-1.9568
-2.326
-1.6654
-1.7197
-2.5501
-1.4411
-2.4078
-1.8795
-1.9759
-1.8086
-2.0096
-1.7125
-1.9838
-1.8052
-1.7483
-1.9496
-2.1468
-2.8086
-2.2715
-2.4812
-2.3412
-2.4113
-1.8152
-2.448
-1.9356
-1.89
-2.0222
-1.3912
-2.1752
-2.6845
-1.6055
-1.6048
-2.3997
-1.9054
-2.3141
-1.8211
-2.1889
-1.834
-2.0394
-1.9393
-2.0468
-1.8252
-2.4367
-1.8002
-2.6578
-2.2936
-1.7645
-1.7515
-2.025
-2.3379
-2.2867
-1.7778
-2.0847
-2.3064
-1.5553
-1.4979
-2.25
-2.345
-1.8918
-1.9889
-2.3563
-2.4771
-1.6324
-2.394
-2.3523
-2.7551
-2.1723
-1.8863
-2.1019
-1.6161
-2.0066
-2.0737
-1.3992
-1.8602
-1.5181
-1.6109
-1.8111
-2.1543
-1.8504
-2.28
-2.4407
-2.058
-1.3211
-1.6786
-2.2098
-2.22
-2.0456
-1.0923
-1.5683
-1.6727
-1.2944
-1.732
-1.7697
-1.4971
-1.2796
-2.0302
-1.7716
-2.1523
-1.7799
-1.9191
-2.1255
-1.9559
-1.6373
-1.6848
-2.5785
-2.4687
-1.779
-2.3587
-2.0399
-2.0912
-1.8621
-1.5683
-2.5141
-1.9552
-1.9037
-2.0609
-1.8195
-1.7814
-1.6014
-1.3522
-1.6779
-1.6814
-1.7026
-1.681
-1.9147
-1.742
-2.2496
-2.1327
-1.819
-1.3895
-1.8405
-2.4748
-1.2694
-1.446
-1.6779
-2.1483
-2.5536
-2.2451
-2.0339
-1.049
-2.2569
-1.7762
-2.3236
-2.2303
-2.1755
-1.7679
-1.8278
-1.731
-1.962
-1.6959
-2.1637
-2.3786
-1.7792
-2.9149
-2.3954
-2.1711
-2.0861
-2.8665
-1.6198
-1.8116
-1.828
-1.6267
-1.6764
-2.7378
-2.3745
-2.0897
-2.0723
-1.2997
-1.9714
-1.5905
-2.31
-1.7003
-2.2929
-2.3656
-1.8491
-2.0165
-1.2547
-1.4793
-1.8717
-1.8139
-2.024
-1.8972
-1.9969
-2.1436
-1.9453
-2.9086
-1.5968
-2.0298
-1.6281
-1.6926
-1.9423
-2.5143
-1.7996
-1.6979
-2.1515
-2.4358
-2.2703
-1.5292
-1.7076
-1.6585
-1.9636
-1.492
-2.0187
-1.4512
-2.0403
-1.6957
-2.5434
-1.6306
-1.9773
-1.5487
-2.0693
-2.491
-2.2152
-1.6303
-1.4799
-1.1532
-1.8454
-1.8026
-2.122
-1.5029
-1.3713
-2.6953
-2.02
-1.4189
-2.2847
-2.1339
-2.2593
-1.7878
-1.6151
-1.3565
-2.2931
-1.8648
-2.0987
-2.0889
-2.1469
-1.7284
-1.6067
-1.994
-2.471
-1.8047
-0.9344
-2.0793
-1.8267
-1.0447
-2.403
-2.8067
-2.2041
-1.2892
-2.0834
-1.5638
-1.5991
-1.8836
-2.4278
-1.9054
-1.6018
-2.548
-2.0913
-2.2661
-1.741
-2.6609
-2.3431
-1.4226
-2.1575
-2.7286
-2.125
-2.9218
-1.4371
-1.262
-1.7514
-2.5543
-1.755
-2.2417
-1.1739
-1.8145
-1.6318
-2.1326
-2.3963
-1.8663
-1.8041
-1.8135
-2.504
-2.1393
-2.3037
-1.533
-2.3555
-1.5891
-1.9725
-1.6784
-1.4092
-1.0846
-1.8613
-2.0971
-2.2661
-1.6845
-2.2716
-2.3316
-2.4204
-2.2942
-1.6382
-1.6138
-1.6867
-2.0083
-1.4561
-2.19
-1.9164
-2.1473
-2.4578
-2.4657
-1.9219
-1.8692
-1.691
-1.7943
-1.3567
-1.6771
-1.4948
-1.8777
-1.6205
-1.8458
-2.5141
-2.0143
-1.9317
-1.7643
-1.685
-2.7173
-1.8821
-1.6199
-2.1502
-1.9849
-2.3169
-2.08
-2.1051
-1.8614
-1.5115
-1.5559
-2.5531
-1.8214
-1.9207
-2.4582
-2.1183
-3.2504
-2.6529
-1.7706
-2.6683
-2.096
-2.319
-1.7087
-2.7696
-1.4329
-2.3801
-2.7394
-2.394
-1.6229
-2.7865
-1.2297
-2.3338
-2.2236
-2.0631
-2.0407
-2.3774
-2.1792
-1.8875
-2.3098
-2.0141
-2.074
-2.7682
-2.4177
-2.1143
-1.6273
-1.7761
-1.8691
-2.1381
-1.4296
-2.2754
-1.9411
-2.2227
-2.3316
-2.7239
-1.6643
-2.1323
-1.6741
-2.0155
-2.5286
-2.2047
-1.6379
-2.5123
-1.6449
-1.6801
-1.9384
-1.7814
-2.2554
-2.2842
-1.3434
-2.3184
-1.6829
-2.4358
-2.3249
-2.3672
-2.2207
-2.0707
-2.5624
-2.2805
-2.8112
-2.5277
-1.6627
-2.1838
-1.8403
-1.4101
-2.1834
-1.2842
-2.4689
-1.742
-1.2617
-1.4739
-2.1159
-2.665
-2.4895
-2.2972
-1.3969
-1.4561
-1.8807
-1.931
-1.906
-1.5415
-1.8833
-1.6542
-1.6981
-1.4376
-1.6691
-1.2139
-1.6464
-1.9919
-1.9937
-2.3843
-1.7712
-1.4799
-1.934
-2.2218
-2.4271
-1.4175
-1.4115
-2.6523
-1.2456
-1.474
-2.1724
-1.4834
-2.4648
-1.6349
-1.7223
-2.0789
-1.7132
-2.4128
-2.063
-1.7675
-2.3924
-1.8909
-2.4326
-2.0222
-1.8733
-2.1324
-2.5566
-1.6791
-1.8641
-1.9235
-1.9928
-1.9813
-2.9502
-1.2224
-1.426
-1.245
-2.1649
-2.9715
-1.654
-1.6612
-2.0459
-2.0317
-2.0407
-1.9254
-1.6621
-1.3555
-1.1527
-2.0271
-2.8913
-2.4779
-1.5872
-1.3728
-2.17
-1.7351
-1.8171
-2.0279
-1.4363
-1.9835
-2.0978
-1.9956
-2.1808
-2.1088
-2.2734
-1.5054
-1.8002
-2.283
-1.7058
-1.602
-2.5922
-1.3395
-2.0387
-2.3493
-2.1885
-1.548
-1.52
-2.3605
-1.7974
-2.139
-1.5845
-1.8823
-2.4039
-2.6192
-1.9649
-2.2548
-1.9299
-2.3209
-2.4181
-2.3491
-1.8958
-2.1854
-2.1789
-1.0734
-1.9429
-2.0509
-2.1434
-1.5535
-1.9036
-1.8105
-2.4033
-2.3791
-2.4448
-2.4955
-2.8698
-2.0416
-2.2876
-2.0709
-1.9292
-2.345
-1.8312
-2.3349
-1.7487
-2.2778
-2.5312
-1.8892
-2.3068
-2.3399
-2.0501
-2.1206
-1.9893
-1.7231
-1.7377
-1.4902
-1.7533
-1.969
-1.9483
-2.6785
-1.5803
-2.0389
-1.7799
-1.9349
-1.6895
-1.9737
-2.0518
-1.1474
-2.0037
-1.5371
-2.1937
-1.9263
-1.4906
-1.854
-2.3188
-1.4664
-1.7795
-1.89
-1.9626
-1.9482
-1.6348
-1.49
-2.1964
-2.2058
-2.0545
-1.9792
-2.345
-1.9154
-2.6534
-2.2909
-2.3062
-2.0262
-2.3943
-1.9365
-0.9722
-1.3772
-1.6477
-2.5154
-2.2268
-1.9198
-1.4963
-1.9276
-1.8202
-1.9107
-1.8027
-2.4598
-2.2202
-1.6212
-2.2639
-1.6453
-1.6046
-2.3373
-2.4635
-1.3329
-1.9301
-2.2627
-1.8444
-1.8272
-2.2298
-1.406
-2.0607
-2.0088
-2.0197
-1.8748
-1.5827
-2.0265
-1.8013
-1.4485
-2.2585
-1.8653
-2.7613
-1.9453
-1.6213
-1.642
-2.673
-2.6806
-1.2666
-1.9633
-2.0609
-2.5117
-1.9493
-1.8651
-1.5721
-2.2687
-1.6008
-2.2848
-1.1859
-2.2272
-1.6818
-1.5866
-1.9311
-1.0242
-1.5287
-2.2061
-1.5398
-1.7525
-2.2631
-1.2229
-2.0206
-2.0203
-1.835
-2.0319
-2.6569
-1.9252
-2.3923
-1.9235
-2.4786
-2.2588
-2.3722
-2.6268
-2.0809
-2.1585
-2.0684
-1.7997
-1.4685
-1.7799
-2.0112
-2.1465
-1.3513
-2.4478
-1.7522
-2.2673
-2.4883
-2.2834
-1.8778
-1.4855
-2.0106
-2.1744
-2.5852
-2.0646
-3.1121
-1.6687
-2.1387
-2.2923
-2.872
-2.2856
-1.9479
-1.6745
-1.2301
-1.6776
-2.0374
-1.9334
-2.0755
-1.893
-2.1017
-1.4245
-2.2441
-2.1816
-2.2316
-1.7054
-2.1103
-2.1042
-1.8297
-2.3252
-2.1994
-1.7789
-1.5761
-2.4337
-1.954
-1.7452
-2.3436
-1.8151
-2.0827
-1.7854
-1.8221
-1.4831
-1.8377
-2.1349
-1.6448
-1.424
-2.6008
-1.4881
-1.6489
-2.4899
-2.2171
-1.4736
-1.9305
-1.3728
-1.5503
-2.2575
-2.3253
-2.3692
-1.4116
-2.2502
-1.952
-1.6145
-2.3538
-1.7269
-2.2409
-2.1466
-2.3676
-2.3345
-2.1076
-1.2093
-1.7193
-1.6775
-1.3921
-2.2389
-1.9744
-1.7178
-2.5463
-2.159
-1.4754
-2.4128
-2.5789
-2.1623
-2.2318
-1.7236
-2.0568
-1.7605
-2.1404
-1.7
-2.0466
-1.696
-2.2613
-1.845
-1.8826
-2.2586
-1.6193
-1.7936
-1.8987
-2.0897
-2.086
-1.9976
-2.3125
-1.1433
-2.3175
-2.1503
-1.9119
-1.6624
-2.1757
-1.359
-1.372
-1.6611
-2.3625
-2.0262
-2.1522
-1.9639
-1.7248
-1.8058
-2.593
-1.8929
-2.4118
-1.5003
-2.3869
-1.6322
-1.6618
-1.7913
-2.3106
-1.589
-1.8607
-2.3208
-1.6141
-2.2539
-1.6636
-1.4812
-2.0343
-1.5516
-2.1475
-1.6604
-2.0687
-1.5232
-2.2493
-2.1676
-1.1037
-2.1143
-1.9474
-1.2739
-2.1479
-1.7824
-1.2436
-2.1333
-2.2888
-1.8848
-2.3546
-2.4208
-2.7592
-1.4069
-2.0035
-2.0368
-1.7362
-1.8723
-2.402
-1.8749
-2.3888
-2.1264
-1.9068
-2.0037
-0.7143
-1.5271
-2.5499
-2.4426
-1.6154
-1.8563
-2.6204
-2.0764
-0.906
-2.1052
-2.1634
-1.9419
-1.6118
-1.7482
-1.7145
-2.3121
-2.2082
-1.9789
-2.1514
-2.1424
-2.4363
-2.6628
-1.7523
-1.4942
-1.6585
-1.5003
-2.4645
-1.7317
-1.397
-1.9718
-1.8792
-1.8471
-2.0722
-2.032
-1.6552
-2.1896
-2.1083
-1.5071
-2.8242
-1.6212
-1.7254
-2.2881
-2.4027
-1.6811
-2.1741
-2.2299
-1.3881
-2.1628
-1.9994
-1.9379
-2.2445
-2.3359
-2.1449
-2.2108
-2.428
-2.2663
-1.9849
-1.8309
-2.4423
-1.7249
-2.1976
-1.8427
-2.5163
-1.7686
-1.5006
-1.6134
-1.9094
-2.4228
-1.5813
-1.4645
-1.7432
-1.6872
-2.0123
-2.5871
-2.2145
-1.862
-2.2189
-2.1922
-1.7637
-2.1548
-1.6403
-1.9937
-1.8438
-1.3222
-1.4716
-2.2493
-2.0268
-1.9066
-2.4241
-2.5961
-1.7402
-1.3935
-1.8195
-2.0336
-1.7358
-1.9761
-2.2978
-1.1824
-1.4709
-2.1252
-1.303
-2.6596
-1.67
-2.6469
-1.4646
-2.1646
-2.2612
-2.5576
-1.8064
-1.5894
-1.9264
-1.9466
-1.8345
-2.0717
-1.9965
-2.4315
-1.3707
-2.2096
-1.7542
-2.3187
-2.3867
-1.9596
-1.3597
-1.899
-2.1271
-1.7507
-1.4454
-2.386
-2.8091
-2.1748
-2.2398
-1.6703
-1.6072
-2.4387
-2.3574
-2.1784
-1.3211
-1.5552
-1.8211
-1.9856
-2.7011
-0.973
-1.7669
-2.4831
-1.3489
-1.1812
-1.8629
-2.3291
-1.355
-1.9393
-1.4321
-2.0753
-1.5528
-1.7683
-1.468
-1.5357
-2.0375
-1.6321
-2.2315
-1.7683
-1.8175
-1.9425
-1.3504
-1.7888
-1.6654
-2.0325
-2.1541
-1.6391
-1.6613
-1.3436
-1.9448
-2.1449
-2.0775
-1.9895
-1.6526
-1.7318
-1.6973
-1.6559
-1.8201
-1.3907
-2.2277
-2.3647
-1.5452
-1.6493
-2.4992
-2.3997
-2.139
-2.1034
-2.1431
-2.0313
-2.2312
-1.374
-1.5037
-1.6529
-1.9956
-2.1631
-2.2775
-1.2716
-2.0159
-1.357
-1.9592
-2.4523
-2.2316
-2.1625
-2.0126
-2.1041
-1.783
-1.3982
-1.6942
-1.8858
-1.6713
-1.8208
-2.5123
-2.3019
-1.5751
-1.5556
-1.8312
-2.2332
-1.7382
-2.1908
-2.4076
-2.5987
-2.2517
-2.1706
-2.4027
-1.383
-2.617
-1.8631
-1.6349
-2.1562
-1.714
-2.2791
-1.8287
-1.402
-2.1239
-2.6346
-1.8994
-2.4752
-1.3911
-2.2257
-1.8965
-1.75
-1.5413
-1.6751
-1.9289
-1.9509
-2.1718
-2.3839
-1.7699
-2.267
-1.7594
-1.6386
-2.1879
-2.1473
-1.9395
-2.2042
-2.5544
-1.6303
-1.8659
-2.5592
-1.7025
-2.1643
-2.2511
-1.7473
-1.3881
-2.1662
-1.7708
-2.2753
-2.3834
-2.321
-2.6796
-1.6315
-1.6325
-2.4331
-2.0274
-2.1364
-2.0475
-0.9035
-2.2316
-1.5832
-2.276
-2.3438
-2.2131
-1.5595
-1.7959
-2.4351
-1.5439
-1.7457
-2.1225
-1.477
-1.7489
-2.7448
-2.1416
-1.9341
-1.6924
-2.9662
-0.838
-2.2116
-1.5103
-1.6927
-1.7908
-2.1917
-2.1546
-2.1425
-1.9166
-2.1364
-1.8614
-2.4633
-2.4901
-1.8603
-1.7176
-2.6977
-1.9679
-1.8953
-2.3507
-1.7407
-2.3734
-1.4351
-2.3506
-1.9766
-1.8379
-2.0253
-1.5326
-2.1958
-1.9839
-1.9397
-2.0172
-1.66
-1.8535
-2.0722
-1.5948
-2.0315
-2.1613
-1.6298
-1.9324
-1.8916
-2.3711
-2.4872
-1.6102
-2.3346
-1.9804
-1.6107
-1.9284
-2.3695
-1.9593
-2.3682
-1.5744
-1.9704
-2.384
-1.9073
-2.6496
-2.1841
-2.3026
-1.5163
-2.0319
-1.8895
-2.8982
-1.9195
-2.0453
-0.9957
-1.3883
-1.5164
-2.12
-2.3615
-1.8497
-1.6779
-1.8159
-1.9277
-1.6648
-1.3166
-2.5423
-2.0563
-1.5558
-1.5627
-2.3233
-2.4192
-1.2165
-1.6772
-2.1397
-1.6817
-1.9101
-2.186
-2.1448
-1.2856
-2.1521
-1.9786
-2.1635
-1.9067
-1.8252
-1.5337
-1.8792
-1.8431
-1.6005
-1.9957
-2.38
-1.8069
-2.2189
-1.6223
-1.5921
-1.7217
-2.1332
-1.9092
-1.3952
-2.0037
-1.7366
-2.2073
-2.7398
-1.9146
-1.6953
-2.1101
-1.713
-2.5326
-1.4985
-2.0038
-1.594
-1.7272
-2.1442
-2.4139
-1.7609
-2.2958
-2.5115
-1.54
-2.3191
-2.6384
-2.5318
-1.6513
-1.6298
-1.9809
-2.0218
-2.21
-1.905
-2.3288
-1.9436
-1.9302
-2.0125
-1.6371
-2.1899
-1.7983
-2.2199
-2.2631
-2.2395
-2.1796
-2.0832
-1.4254
-1.4529
-1.3178
-1.9075
-1.8381
-2.0982
-1.5305
-2.3586
-1.7841
-1.0529
-1.576
-1.4989
-2.2759
-2.2972
-1.4034
-1.4713
-2.2878
-2.8871
-2.7334
-2.2581
-2.6268
-1.8815
-2.0951
-1.9131
-2.2344
-2.5083
-1.7106
-1.9936
-2.0788
-2.1158
-1.4609
-1.9686
-2.6133
-1.2946
-2.151
-2.4605
-1.7552
-2.2651
-1.6166
-2.5401
-1.7657
-1.8572
-1.7965
-1.6773
-2.3795
-2.3048
-2.0229
-1.8062
-1.6607
-1.6515
-2.2305
-1.6362
-2.0234
-1.864
-1.7409
-2.4187
-1.7269
-1.7485
-1.4489
-1.5363
-1.3855
-2.3611
-2.1805
-1.4097
-1.3108
-2.1868
-2.4744
-2.2828
-2.5247
-1.6277
-2.4894
-2.114
-2.3565
-2.0365
-2.0671
-1.7464
-2.1615
-2.4103
-2.3393
-1.9709
-2.1811
-1.1904
-2.0429
-1.7061
-2.4754
-1.8083
-2.1612
-2.5121
-1.6549
-1.8453
-1.6196
-2.2598
-1.6355
-2.3023
-2.0084
-1.681
-1.6763
-1.8537
-2.1597
-2.0108
-1.6224
-2.1751
-1.4903
-1.9373
-1.9641
-2.1511
-1.6406
-2.8132
-1.7128
-1.5352
-1.9196
-2.1546
-2.2077
-2.2277
-2.1175
-1.8176
-2.1714
-1.9411
-2.3259
-2.0083
-2.3628
-2.0879
-1.6087
-2.5017
-2.7311
-2.0233
-2.3554
-1.5639
-2.0887
-1.3274
-1.4715
-2.1131
-1.5324
-2.3596
-1.7929
-1.75
-2.2328
-2.3486
-1.3748
-1.987
-1.3935
-1.7919
-1.8391
-1.9831
-2.2489
-2.5384
-2.0749
-1.807
-1.3303
-2.2308
-2.2133
-1.9637
-1.9578
-2.1076
-1.501
-1.975
-1.8065
-1.8201
-2.3123
-1.707
-1.4417
-2.4309
-2.0935
-1.9013
-1.5239
-1.3715
-2.2543
-2.1055
-1.8152
-2.1642
-2.1446
-1.64
-1.7814
-2.4841
-1.4846
-2.0207
-2.0556
-2.2484
-2.399
-1.7367
-2.2282
-2.3501
-1.5051
-1.9678
-2.1728
-1.9649
-2.7218
-1.8365
-2.2922
-1.9505
-2.017
-2.5098
-2.0561
-1.5728
-1.792
-1.4018
-2.3535
-1.9736
-1.904
-1.9464
-1.7431
-2.4786
-1.8906
-1.9175
-1.9148
-1.8328
-2.0756
-2.2088
-1.6489
-2.7097
-1.1918
-2.2869
-2.0739
-2.0914
-2.3498
-1.7504
-2.3655
-1.9485
-2.1149
-2.0977
-1.8887
-2.7322
-1.8033
-2.0795
-1.7959
-2.2849
-2.0415
-1.8278
-1.4559
-1.5682
-1.8825
-2.1982
-2.0726
-2.3438
-1.6763
-2.6344
-1.8476
-2.1326
-1.7307
-1.6943
-2.2258
-0.7555
-2.7836
-2.1148
-2.5111
-2.2049
-1.4699
-2.2514
-2.1706
-1.5786
-2.4573
-1.9466
-2.3573
-2.0797
-2.2565
-1.745
-2.5824
-1.8609
-1.5566
-1.8654
-1.9987
-1.7892
-2.0548
-1.8881
-1.8193
-1.8512
-2.0844
-2.592
-1.795
-2.8469
-1.9489
-2.0498
-1.6896
-2.3877
-1.9854
-2.2456
-2.1247
-2.0125
-1.7106
-1.697
-1.694
-1.7992
-1.2769
-2.1015
-1.5553
-2.1236
-2.2342
-2.0153
-1.7863
-2.0551
-2.3269
-1.4085
-2.0996
-2.6203
-1.9375
-2.4503
-2.0491
-1.9455
-2.0425
-1.3668
-2.117
-2.3944
-1.6886
-1.9687
-2.4484
-1.7011
-1.6719
-1.8092
-1.7546
-1.8384
-2.2197
-1.7097
-2.0438
-1.6395
-2.1069
-1.2225
-2.1069
-2.7809
-2.3221
-1.9373
-2.0503
-2.0052
-2.443
-2.4832
-1.8274
-2.0239
-2.1149
-2.5348
-2.1242
-1.9175
-1.4201
-1.5423
-1.7388
-2.0814
-1.8053
-1.8939
-2.1562
-2.3596
-1.956
-2.4319
-1.7703
-1.6358
-1.4357
-1.4893
-1.784
-2.4977
-1.9014
-2.2194
-2.088
-2.0649
-1.6282
-1.345
-1.607
-1.6119
-1.6773
-1.8001
-1.7208
-2.5311
-2.3102
-2.1003
-1.6733
-2.0435
-2.485
-1.34
-1.3048
-1.7524
-1.9859
-0.8269
-2.1625
-2.4527
-1.4726
-1.9001
-1.6311
-1.4752
-1.7468
-1.8533
-2.1598
-1.8965
-2.0533
-1.9519
-1.8216
-2.2102
-1.872
-1.8071
-1.3782
-1.8831
-2.3732
-2.0993
-2.0477
-1.8454
-1.7374
-1.8318
-1.9587
-2.2879
-2.5762
-2.0372
-2.4143
-1.989
-2.054
-1.5489
-1.6813
-1.582
-2.4228
-2.1578
-1.7866
-2.3414
-2.2567
-1.9265
-2.1933
-1.9993
-2.0291
-2.392
-1.5635
-0.967
-2.3986
-1.6959
-2.8772
-2.3101
-2.0178
-1.7635
-2.2281
-1.5592
-0.9785
-2.2584
-1.6478
-1.5566
-2.529
-2.0524
-1.7103
-2.2746
-1.9267
-1.799
-1.644
-2.4517
-1.5994
-1.7982
-1.884
-1.4886
-1.0843
-2.4265
-2.1249
-1.6417
-1.7322
-1.9455
-1.5452
-1.8989
-2.4172
-1.6386
-1.6991
-2.1333
-2.1682
-2.1244
-2.5313
-1.1702
-1.463
-2.214
-2.0936
-1.8963
-2.4385
-2.6182
-2.4854
-1.8741
-1.3147
-1.991
-1.6485
-1.7516
-2.3045
-1.4443
-2.5972
-2.8989
-1.9374
-1.334
-1.7463
-1.6814
-1.8226
-2.2757
-1.9683
-2.1384
-1.7119
-2.6321
-2.2308
-2.1819
-1.6064
-2.3088
-2.4878
-2.055
-1.9127
-2.1567
-2.2183
-2.2175
-2.0394
-1.5269
-2.5128
-2.5999
-1.8067
-2.2782
-2.3988
-2.1054
-2.352
-2.5109
-2.2414
-1.5867
-1.6785
-2.6066
-1.9145
-1.5173
-2.156
-1.576
-1.9152
-2.1186
-2.0957
-2.2178
-1.6386
-2.4626
-2.2552
-1.5342
-1.4779
-1.919
-1.6946
-1.4819
-2.11
-1.6571
-2.2708
-3.0478
-2.3714
-1.6592
-1.8256
-1.9129
-1.7399
-2.1101
-2.3835
-2.2058
-1.732
-1.6291
-1.6056
-1.6387
-1.9005
-1.9547
-2.0222
-1.0083
-1.7186
-2.2013
-2.0487
-1.8276
-1.6978
-1.6677
-2.0313
-1.6557
-1.466
-1.5904
-1.8704
-1.6869
-2.4349
-1.9241
-2.1876
-1.4497
-1.4624
-2.5943
-1.5859
-1.3946
-2.8751
-2.0662
-2.473
-2.0946
-2.2904
-2.4511
-2.43
-2.3283
-1.6633
-2.6042
-1.579
-1.2986
-1.9779
-1.9122
-2.1086
-1.558
-1.8193
-1.8515
-2.3395
-2.6394
-2.1769
-1.9455
-1.6514
-2.1758
-1.7178
-1.8425
-2.072
-2.0341
-2.0617
-1.8039
-1.611
-2.7029
-1.5724
-1.7906
-2.4047
-2.781
-1.6513
-1.9864
-2.201
-1.4635
-1.8065
-1.8146
-1.376
-2.1624
-1.7748
-2.5332
-1.5113
-2.4004
-2.7132
-1.7224
-2.1171
-1.7102
-1.6083
-2.2072
-1.6977
-1.2006
-2.39
-2.4597
-1.5369
-1.5011
-1.6148
-1.5146
-1.1769
-2.362
-1.9677
-1.4453
-2.0077
-1.8845
-1.5199
-1.5742
-1.597
-1.8363
-2.0256
-3.2087
-1.8411
-1.8392
-2.3236
-1.4037
-1.8968
-2.1023
-1.6846
-2.5304
-2.1488
-2.2579
-2.0049
-1.887
-1.9873
-1.9136
-2.1652
-2.1014
-2.0908
-1.6017
-1.8904
-2.3122
-1.9258
-2.1479
-2.1339
-2.4467
-1.9617
-1.9592
-2.15
-1.4819
-1.6948
-1.9549
-1.5473
-1.8492
-1.2673
-1.9233
-1.5321
-1.8823
-1.5933
-1.5608
-1.9473
-1.6391
-1.4001
-2.3103
-2.2861
-2.5126
-1.7843
-2.2465
-1.9239
-1.3978
-1.8961
-2.4845
-1.8893
-1.6676
-2.0471
-2.6531
-1.1365
-1.7109
-2.4373
-1.4461
-1.6506
-2.0233
-1.6733
-1.7517
-2.1486
-2.5316
-1.2235
-2.3473
-1.5237
-2.2803
-1.6719
-1.9242
-1.8479
-1.2363
-1.4582
-1.7197
-2.4303
-2.273
-1.521
-2.2703
-2.3552
-1.8053
-2.7666
-2.1265
-2.2897
-1.7305
-1.7491
-1.9989
-1.3372
-1.8773
-2.1981
-2.2631
-1.6266
-1.4118
-1.8722
-2.5948
-1.8498
-1.4701
-1.8518
-2.1279
-2.0998
-1.7074
-1.7674
-1.6253
-1.608
-1.8085
-2.2985
-2.5086
-1.8413
-1.4531
-1.6532
-2.0168
-2.2928
-2.1781
-1.4576
-1.6594
-2.2688
-2.353
-2.1716
-1.7045
-1.4012
-1.7692
-1.9606
-1.6097
-1.6546
-1.6308
-1.7206
-1.9662
-2.0709
-2.1084
-2.4261
-1.4491
-2.5392
-1.8992
-2.7375
-2.2753
-1.7265
-2.2855
-1.3798
-1.9287
-2.115
-1.624
-2.3265
-2.3775
-2.2519
-2.01
-1.9883
-2.3252
-1.6304
-2.0285
-2.0753
-1.9804
-1.7229
-2.0658
-2.072
-1.7296
-1.839
-1.2635
-2.6469
-1.4349
-1.5177
-2.3472
-1.9102
-1.4652
-2.1482
-1.2999
-1.4014
-1.4326
-1.3991
-2.0107
-1.9952
-2.0211
-2.4605
-1.3591
-2.4512
-1.8745
-1.0302
-2.1666
-2.4651
-2.3567
-1.4761
-1.8162
-2.2227
-1.9775
-1.5882
-0.7898
-2.0662
-2.286
-2.0015
-1.8715
-2.3588
-2.167
-1.9786
-1.4633
-2.1925
-1.6906
-2.649
-1.9114
-1.7887
-1.8216
-2.0411
-1.8698
-2.2049
-1.4421
-1.8142
-1.3288
-2.0061
-1.3793
-1.9544
-1.432
-1.6797
-1.2687
-2.1511
-1.7269
-1.7533
-1.9815
-2.3069
-2.1888
-2.0168
-2.1567
-1.5544
-2.1324
-2.1668
-2.6994
-1.5646
-2.3
-1.645
-2.0164
-2.4749
-1.7002
-2.3234
-2.1789
-2.5938
-1.9253
-1.7875
-1.7319
-2.093
-1.7872
-2.3225
-1.6375
-2.7902
-2.5977
-2.2342
-2.0848
-2.0913
-2.3716
-2.2676
-1.5511
-1.9675
-1.5432
-2.0983
-2.3611
-1.5307
-2.6329
-2.2884
-1.4984
-1.7355
-1.6617
-1.8259
-1.6392
-1.4241
-2.0748
-2.4439
-1.839
-1.6965
-1.6201
-2.031
-2.2858
-2.0181
-2.4859
-1.7716
-1.6591
-1.9796
-1.622
-2.251
-1.9977
-2.0217
-1.8538
-1.686
-2.2977
-2.1101
-2.0085
-1.792
-1.2178
-2.5261
-2.3948
-2.2392
-2.9216
-2.1531
-1.5316
-1.4734
-1.9954
-2.2708
-2.0254
-1.3866
-2.6257
-2.3108
-1.4094
-2.8903
-2.4331
-1.7403
-1.9499
-2.1469
-2.2754
-1.3233
-1.7591
-1.8062
-2.3051
-1.7374
-1.8488
-1.8487
-1.8437
-1.881
-2.0761
-2.0606
-1.4344
-1.4296
-2.136
-2.2881
-1.7761
-1.5065
-1.1848
-1.8632
-1.8429
-1.6925
-2.0738
-2.2989
-2.5989
-1.7473
-1.1107
-2.8488
-1.1237
-1.7978
-2.321
-1.4529
-2.2087
-1.9482
-2.0165
-1.4127
-1.5762
-2.2443
-1.8265
-2.1696
-1.8928
-1.8002
-2.7375
-1.7572
-1.8399
-2.1005
-2.2395
-2.7889
-1.7197
-2.1978
-1.38
-2.6042
-2.1328
-2.0371
-1.6631
-2.2149
-2.3373
-1.7207
-1.8421
-1.9081
-1.7728
-2.032
-2.0206
-2.5438
-2.0342
-2.0459
-1.66
-1.7544
-1.783
-1.385
-1.7383
-1.6112
-2.3215
-1.9015
-1.357
-0.9876
-2.2
-2.836
-2.1072
-2.2871
-2.4262
-2.2442
-1.6958
-1.8627
-2.1891
-2.7693
-1.5223
-2.3414
-1.8075
-1.8245
-2.7303
-2.0
-1.4281
-1.9172
-1.5805
-2.109
-2.4134
-1.6827
-2.0031
-1.7113
-1.6993
-1.7818
-1.4989
-1.9195
-2.2047
-1.6801
-2.7324
-1.4321
-1.7627
-2.0137
-2.4938
-2.5164
-1.6861
-2.1453
-2.2053
-1.5857
-1.7605
-1.7907
-1.9514
-1.6224
-2.2549
-2.7453
-2.4466
-1.6472
-1.984
-1.6124
-2.6534
-2.031
-1.3623
-2.3018
-2.1843
-1.8306
-1.8352
-2.0182
-1.7298
-1.9184
-2.0855
-2.564
-2.2024
-2.2872
-1.1919
-2.3818
-2.054
-2.6711
-1.4931
-2.1273
-1.995
-2.2524
-2.7327
-2.4575
-2.1952
-1.9167
-2.1181
-1.9896
-1.9738
-0.9569
-2.8252
-2.2832
-2.0063
-1.8842
-1.6964
-2.6251
-2.1025
-1.5212
-1.8145
-1.7096
-1.9159
-1.9371
-2.2258
-1.7624
-1.9084
-1.3299
-1.5994
-2.0774
-2.5768
-2.3542
-2.7149
-1.9519
-1.7571
-1.9036
-1.7071
-1.7903
-2.0163
-1.7421
-2.082
-2.394
-1.8689
-2.0481
-1.8624
-1.8018
-1.9345
-1.9815
-1.8862
-1.2478
-1.823
-2.106
-2.2334
-2.1457
-2.7551
-2.2755
-1.9362
-1.8438
-2.1818
-1.4318
-1.839
-2.5446
-2.3721
-2.1832
-1.6046
-1.6761
-2.102
-2.2312
-2.0869
-1.5992
-1.3049
-1.685
-1.3794
-1.7216
-2.0588
-1.9698
-2.2803
-1.6467
-1.7952
-1.739
-1.6106
-1.8084
-2.0284
-1.9668
-2.5105
-2.5661
-1.6262
-2.1075
-1.6691
-1.6832
-2.1236
-2.2512
-2.6241
-2.1404
-1.8977
-1.352
-2.3908
-1.9994
-2.4597
-1.8782
-1.9659
-2.1502
-2.3075
-2.0642
-2.0746
-1.6411
-1.7268
-2.213
-2.107
-1.7375
-1.8639
-2.4016
-1.5265
-1.9207
-2.3382
-1.9309
-1.8343
-2.086
-1.8585
-2.3953
-2.5095
-1.9983
-1.7541
-2.3697
-2.0307
-1.4493
-1.988
-1.6985
-2.0658
-2.4277
-1.9289
-1.0747
-2.195
-2.3233
-1.2845
-1.4667
-1.8395
-1.3789
-2.7648
-2.3757
-2.5003
-2.3309
-1.9994
-2.0488
-1.7084
-1.4977
-2.0214
-2.2784
-2.4236
-2.075
-2.1344
-1.8189
-1.919
-2.4254
-2.3219
-1.0968
-1.2548
-1.6404
-1.3195
-1.9404
-1.5175
-2.2695
-2.1064
-1.8955
-1.699
-1.7691
-1.996
-2.1228
-1.7936
-1.8889
-1.6927
-2.2178
-2.3467
-2.3311
-2.299
-1.9483
-2.2814
-2.329
-2.166
-3.1205
-1.6994
-1.9442
-2.5542
-2.1372
-1.9327
-1.7509
-2.3213
-2.0011
-1.5522
-1.7981
-2.1334
-1.963
-2.0666
-2.4913
-1.202
-1.6206
-1.4113
-1.731
-1.5982
-2.0924
-2.0285
-1.8573
-2.0935
-1.8111
-1.767
-2.3543
-2.6719
-2.3538
-1.8379
-1.6571
-2.4173
-2.1417
-3.1751
-2.1472
-1.9884
-1.9271
-2.3436
-1.5536
-2.0527
-1.5805
-2.2303
-1.7901
-1.7402
-1.9089
-1.7682
-1.3774
-2.2138
-1.5437
-1.8066
-2.0437
-1.5759
-1.5687
-1.0632
-2.0331
-1.893
-1.4322
-2.3232
-2.1081
-1.7246
-1.5756
-2.2568
-2.1906
-1.6325
-2.1546
-2.0504
-2.3167
-1.9049
-2.3404
-2.2242
-1.9033
-1.5572
-0.9095
-1.6799
-2.1424
-1.5737
-1.7395
-2.3626
-2.3784
-1.325
-1.7198
-1.5871
-2.162
-1.7404
-1.9569
-1.7727
-2.1639
-1.7909
-1.8849
-1.7004
-2.3675
-1.7372
-2.0779
-2.1732
-2.4064
-1.5935
-2.4675
-1.5487
-1.5388
-2.4279
-1.5521
-2.0249
-2.7901
-1.4124
-1.7723
-2.0327
-1.6846
-2.0552
-2.0427
-2.0534
-1.2966
-2.2566
-1.4704
-1.8833
-1.8975
-1.3629
-1.4635
-1.776
-2.0527
-1.5292
-2.5499
-2.243
-2.1302
-2.3456
-1.8679
-1.2995
-2.3807
-2.2585
-2.0546
-2.4456
-1.4628
-1.579
-1.621
-1.6051
-2.1583
-1.5158
-1.3795
-2.0282
-1.9619
-1.892
-1.8385
-1.8496
-2.2765
-2.0683
-1.8861
-1.3662
-2.1355
-2.4441
-2.1161
-1.7353
-1.7417
-3.0795
-1.8084
-2.0195
-1.6366
-1.4811
-2.494
-1.6123
-2.0465
-1.7065
-1.864
-1.8679
-1.5459
-2.2071
-2.5023
-1.6914
-2.2387
-2.7983
-2.2816
-2.3507
-2.1512
-1.5439
-1.1864
-1.3125
-2.0246
-2.1391
-1.7006
-1.7216
-2.7823
-1.4784
-1.9624
-1.6677
-1.4975
-2.3347
-1.5371
-2.4856
-1.9124
-2.1546
-2.4776
-1.437
-1.6829
-2.2329
-2.2428
-2.4867
-2.4033
-1.4511
-2.6934
-1.5738
-2.694
-2.6621
-1.6341
-1.7775
-1.6972
-1.7306
-2.8108
-2.1127
-2.2018
-3.0379
-1.7588
-2.1544
-2.8208
-1.9299
-2.0356
-2.623
-1.3227
-2.2742
-1.5793
-1.5491
-1.6566
-1.5954
-2.3004
-2.3408
-1.5438
-1.7357
-1.5281
-1.5891
-2.2052
-2.1917
-1.843
-2.0296
-1.4867
-1.5782
-1.6681
-1.9712
-1.911
-1.6353
-1.7238
-1.946
-2.2873
-2.0018
-2.6357
-1.9941
-1.7453
-1.47
-1.8026
-1.7923
-1.3945
-2.5064
-2.1069
-1.6158
-1.8769
-2.159
-2.3107
-2.258
-1.4986
-1.8823
-1.9026
-2.1713
-1.6253
-2.044
-1.6271
-1.8848
-2.3824
-2.1179
-1.1277
-1.941
-1.8968
-2.715
-2.156
-1.9053
-1.7024
-2.2831
-2.2104
-2.1493
-1.7235
-1.3483
-1.5648
-1.8888
-1.6689
-1.3923
-1.8595
-1.5846
-1.7882
-2.1627
-2.4183
-2.5218
-2.5289
-1.3123
-1.9471
-1.65
-2.5823
-1.8484
-2.006
-2.1701
-1.26
-2.2228
-2.0523
-1.6539
-1.5065
-1.6335
-1.925
-2.1418
-2.0199
-2.3456
-2.0451
-1.7439
-2.2868
-1.312
-1.2598
-1.3324
-1.8896
-1.8202
-2.5144
-1.7215
-2.2815
-2.4477
-1.616
-2.1011
-2.1828
-2.0035
-1.8095
-1.5688
-1.4944
-1.4939
-2.2381
-1.5556
-2.0902
-2.0889
-1.5215
-1.388
-2.0661
-1.824
-1.8121
-1.7708
-1.9495
-1.8685
-1.373
-2.3487
-2.1931
-1.7857
-1.7277
-1.9868
-2.4109
-2.8567
-2.1833
-1.2864
-1.9186
-2.0265
-2.0761
-1.938
-1.5145
-2.2255
-1.6482
-1.7894
-1.9332
-2.0459
-1.651
-2.1413
-1.7168
-1.4109
-1.8916
-1.4571
-1.7449
-1.9037
-2.1127
-2.131
-1.8247
-1.93
-2.4123
-1.3377
-1.9972
-1.922
-1.8052
-2.2498
-2.2889
-1.511
-2.1833
-3.0683
-1.9855
-2.0355
-2.1918
-1.3458
-1.5214
-1.9074
-1.8677
-1.6902
-1.5153
-2.5405
-2.1179
-2.0689
-1.7803
-1.7601
-2.0033
-1.7483
-1.6266
-1.6455
-2.433
-2.6958
-2.4529
-1.2029
-1.8212
-2.4196
-2.2204
-1.8619
-1.9171
-2.054
-1.5408
-2.6024
-2.3589
-1.8447
-1.3678
-2.1415
-1.3473
-1.8277
-2.2597
-1.4387
-2.1299
-1.3466
-1.9565
-1.7992
-2.6711
-1.8478
-1.981
-1.5146
-1.8731
-1.0891
-1.6094
-2.5815
-1.7504
-1.9363
-2.4727
-1.8695
-1.4735
-2.0606
-1.0517
-2.1143
-1.8593
-2.6069
-1.5954
-2.5048
-2.0273
-1.2082
-2.822
-1.6275
-1.8834
-2.1705
-2.5057
-1.7997
-2.1201
-1.9554
-1.8342
-1.8602
-2.2654
-1.6899
-2.1594
-1.5202
-1.9236
-1.3555
-1.7136
-1.7598
-1.7388
-2.1047
-1.9576
-2.3395
-2.3583
-2.2784
-1.5095
-2.0454
-2.2237
-2.852
-1.8561
-2.339
-1.8865
-1.4984
-2.3188
-2.126
-1.5246
-1.6588
-1.5417
-2.8141
-2.2083
-1.6439
-1.9399
-1.6788
-1.9457
-2.2524
-2.2041
-2.2473
-1.2877
-2.2707
-1.9649
-2.1098
-1.8602
-2.4346
-2.094
-2.2692
-2.5163
-1.6316
-1.6816
-1.1699
-2.6389
-1.9369
-2.7431
-2.1984
-2.4035
-2.1162
-1.8845
-2.049
-1.7763
-2.3616
-2.0472
-2.82
-2.0217
-2.1229
-2.0892
-2.4108
-1.6053
-1.9885
-2.3171
-2.5216
-2.2345
-1.925
-1.9021
-2.0442
-1.6496
-1.4119
-1.9714
-1.5831
-2.2461
-1.9591
-2.3963
-2.1505
-2.3652
-1.0066
-2.4003
-2.2883
-2.4449
-1.9695
-2.199
-1.5949
-2.9854
-2.5
-2.1925
-1.6365
-2.548
-1.6938
-1.733
-2.1995
-1.7218
-2.1594
-2.124
-2.1513
-1.7858
-1.8092
-2.4157
-2.0363
-1.7223
-2.3674
-2.629
-1.9962
-2.3487
-1.8972
-2.217
-2.0962
-2.5583
-2.2229
-1.3723
-2.3021
-2.4398
-1.4425
-2.0247
-2.2179
-1.5561
-2.1079
-2.3424
-2.6182
-2.3167
-2.2808
-2.43
-1.6621
-2.2895
-1.5091
-1.9564
-1.8992
-2.0611
-1.565
-2.3503
-2.5029
-1.9658
-1.5126
-2.3156
-1.5004
-2.2874
-2.1451
-2.1744
-2.6164
-2.1986
-2.1459
-1.7983
-1.2065
-2.2001
-2.4126
-1.9323
-1.8371
-2.2016
-2.0121
-2.3792
-2.2438
-2.3172
-2.2331
-1.025
-2.5293
-2.0544
-1.5412
-1.5501
-2.0784
-2.6622
-2.048
-1.9977
-2.0917
-1.2452
-1.9857
-2.0759
-2.2135
-2.2582
-1.7501
-2.9236
-1.0446
-1.7684
-1.6724
-2.0949
-2.1452
-1.6896
-1.7853
-2.5347
-2.0203
-2.1647
-1.6852
-2.0554
-1.6004
-1.8558
-1.8751
-2.5241
-1.4431
-2.1812
-1.9476
-2.6034
-1.9754
-1.8487
-1.3417
-2.6074
-2.6632
-1.5405
-1.8388
-2.6281
-1.7044
-1.6873
-2.4183
-2.2058
-1.955
-2.6358
-1.9784
-2.0399
-1.8904
-2.4522
-1.6427
-1.5325
-1.6644
-2.3403
-2.5606
-1.5335
-1.9964
-2.3872
-1.8519
-2.112
-2.3329
-1.9272
-2.1322
-1.464
-2.4116
-2.2101
-1.9242
-1.7792
-2.6158
-1.8888
-2.8198
-1.8539
-1.8416
-2.0474
-1.871
-1.9025
-1.4009
-1.8046
-2.3658
-1.823
-2.1535
-1.3453
-1.6745
-2.5361
-1.7241
-1.8738
-2.1391
-2.2122
-2.1725
-1.6412
-1.9104
-1.2709
-2.3412
-2.0577
-2.3552
-1.4047
-1.9958
-1.4846
-1.2928
-2.1121
-2.8027
-1.5067
-2.2476
-2.1518
-1.2191
-2.6598
-1.5936
-2.2122
-2.2226
-2.9667
-2.3268
-2.3648
-1.9029
-1.8448
-2.6362
-2.5894
-2.1245
-2.3642
-2.0768
-1.3429
-2.1091
-1.9874
-1.7266
-1.9262
-1.7659
-2.0779
-1.5961
-1.8556
-1.3709
-2.0334
-2.367
-1.6229
-1.8032
-1.8581
-1.8753
-1.8553
-1.5572
-1.9667
-1.805
-2.0998
-1.9376
-2.0974
-2.1298
-1.992
-2.5095
-2.4114
-1.4735
-1.9488
-1.4484
-1.753
-1.9926
-1.9265
-1.7854
-2.31
-2.1156
-1.9305
-2.212
-2.4909
-1.1239
-2.3221
-1.3974
-1.2059
-2.3231
-1.7994
-2.019
-2.0166
-1.8817
-1.8292
-2.0581
-1.8519
-2.1906
-1.6582
-1.9987
-1.7708
-1.762
-2.0914
-1.9997
-2.1285
-2.6364
-1.5692
-1.0172
-2.3016
-1.8518
-1.8501
-2.4675
-1.6289
-1.9008
-2.1495
-2.1299
-2.0481
-1.0254
-1.819
-1.6972
-1.6133
-1.96
-1.6822
-2.1547
-1.8279
-2.2361
-2.4358
-1.7608
-1.8644
-2.4507
-1.6974
-1.8901
-2.0005
-1.5877
-1.3414
-2.3254
-2.2827
-1.8115
-2.1874
-1.9515
-1.7365
-2.4253
-1.7438
-1.6198
-2.0775
-1.8244
-2.3152
-2.352
-2.0237
-1.8093
-2.1947
-2.5119
-2.4576
-2.3114
-1.6026
-1.6528
-2.8134
-2.1426
-1.8128
-1.8911
-2.0826
-2.0801
-2.1945
-1.5886
-1.5698
-1.6215
-2.3575
-2.3896
-2.7863
-2.2956
-2.0915
-1.8099
-1.4271
-2.7426
-1.5616
-2.3987
-2.0559
-1.9645
-2.0149
-1.7454
-1.7554
-1.6478
-2.2247
-2.4273
-1.968
-1.9822
-1.7989
-2.4056
-1.6418
-2.483
-2.3302
-2.5298
-2.1536
-1.9863
-2.4909
-2.5022
-1.6626
-1.9119
-1.4184
-2.1895
-1.5802
-1.9343
-1.947
-2.0486
-2.3896
-1.8692
-2.061
-2.1378
-2.2539
-2.1636
-2.3508
-1.984
-2.2954
-2.2851
-1.8167
-1.4849
-1.8358
-2.7691
-1.8376
-2.469
-2.3865
-2.4764
-2.3559
-2.1526
-2.3871
-1.8881
-2.1925
-2.9732
-2.6004
-1.6149
-1.9957
-1.7854
-2.7318
-2.2033
-2.0019
-1.8423
-1.6212
-1.8
-2.4361
-1.7707
-2.0447
-2.2547
-1.3598
-1.3762
-1.6764
-1.6662
-1.5893
-1.7124
-2.2959
-1.8292
-2.151
-2.0219
-1.2943
-2.0253
-2.0203
-1.5471
-1.5688
-2.361
-1.9519
-1.625
-2.1198
-1.9194
-2.2731
-1.7432
-2.4414
-2.07
-2.1336
-2.0656
-2.0224
-2.474
-2.475
-2.194
-1.4942
-2.0468
-1.9904
-2.1647
-2.1663
-1.8265
-1.8121
-2.2555
-2.1063
-1.5968
-1.5529
-1.801
-2.3604
-1.7589
-2.14
-2.4289
-1.7973
-2.0842
-2.4954
-1.7183
-2.0677
-1.5225
-1.9877
-2.5372
-2.3502
-1.91
-2.1456
-2.022
-1.9878
-1.7255
-1.5431
-2.0233
-2.7671
-1.9897
-1.7947
-1.8126
-2.0485
-2.1364
-1.6781
-2.0311
-1.7079
-2.2461
-1.3218
-1.9825
-2.7174
-1.8162
-1.9509
-2.4249
-2.6707
-2.0734
-1.5209
-1.6899
-2.2517
-1.0635
-1.5503
-1.9173
-2.047
-1.7811
-2.1311
-1.6821
-2.0174
-2.0415
-2.114
-2.1297
-1.8145
-2.1112
-2.2411
-2.0205
-1.9461
-1.8548
-1.3181
-1.7079
-2.5744
-2.1843
-1.9079
-1.616
-2.268
-1.4288
-2.1071
-2.1253
-2.244
-1.1117
-1.9274
-2.0527
-1.8914
-2.3401
-2.253
-1.7562
-1.6915
-2.1428
-2.249
-2.0272
-1.8395
-2.1106
-1.1389
-2.0156
-1.8935
-1.6704
-1.759
-1.5108
-2.2814
-1.4929
-1.5074
-2.2691
-2.323
-1.9569
-1.9135
-1.8153
-1.4704
-1.8202
-1.8978
-2.2301
-2.5714
-2.5396
-1.8341
-2.1222
-1.592
-1.6904
-1.5478
-1.9446
-2.4201
-1.5896
-1.7179
-1.5997
-2.1232
-2.5349
-1.4917
-2.2373
-1.5804
-0.9769
-2.0008
-2.024
-2.0213
-2.49
-2.5042
-2.3167
-1.9855
-2.298
-2.2125
-2.4666
-1.9649
-2.3426
-2.8201
-2.0736
-1.9527
-2.4714
-1.9454
-2.3233
-1.7457
-2.511
-1.6971
-1.4139
-1.4791
-1.672
-1.9269
-1.7345
-1.7842
-0.6997
-1.8602
-1.7382
-2.1391
-1.8132
-2.3555
-1.4162
-2.3144
-2.3069
-1.7388
-1.9519
-2.1535
-2.2538
-1.4355
-1.7624
-1.7944
-2.1167
-1.4295
-1.9388
-1.9773
-2.5259
-1.7695
-2.689
-2.5908
-1.6072
-2.4983
-1.816
-1.9318
-1.805
-2.4503
-2.3552
-1.7176
-2.6355
-1.3699
-2.3101
-1.9336
-1.9848
-2.2315
-1.8311
-2.0396
-1.9726
-1.9471
-1.759
-2.5021
-1.5047
-1.7205
-1.5172
-1.837
-1.6991
-2.2985
-1.4068
-1.6144
-2.3265
-2.8832
-2.0543
-1.8093
-2.3038
-1.5754
-2.2713
-1.0046
-2.1
-2.1324
-1.8412
-1.7209
-2.1587
-2.2693
-1.904
-2.8989
-2.2004
-1.4611
-1.985
-1.727
-2.4061
-1.2282
-1.6291
-2.5363
-2.0529
-1.4946
-2.2012
-1.0491
-0.9149
-2.8118
-1.8797
-1.9315
-1.6
-1.5346
-2.263
-2.1281
-2.1861
-2.2396
-2.0862
-2.1084
-2.5724
-1.7641
-1.7499
-2.1367
-2.1596
-1.7132
-0.9225
-2.2339
-2.2594
-1.5833
-2.0104
-1.2341
-2.4071
-2.2641
-1.913
-1.3417
-0.9006
-1.8724
-1.543
-1.7589
-1.9027
-2.9144
-1.2665
-1.8359
-1.3175
-2.016
-1.8091
-2.0937
-2.2137
-1.802
-2.6118
-1.9394
-1.4886
-2.9574
-2.3068
-1.9539
-1.7721
-1.7749
-1.3069
-1.6384
-2.6195
-1.691
-2.2278
-1.7791
-2.088
-2.2183
-2.0393
-1.6812
-1.7985
-2.279
-2.3177
-2.1372
-2.5317
-2.6335
-1.4758
-2.0351
-2.0837
-1.9889
-2.1531
-1.4606
-2.0522
-1.5119
-2.1755
-2.5978
-2.7025
-1.9596
-2.5411
-2.3354
-1.7969
-2.0426
-2.1506
-2.1676
-1.3449
-1.5719
-2.2476
-1.6499
-1.7446
-1.93
-0.8766
-1.1469
-1.6514
-2.1885
-1.0816
-1.8118
-1.9503
-1.6899
-1.6661
-1.8117
-2.0756
-2.0659
-2.1019
-1.4245
-1.367
-1.8889
-1.6114
-1.8617
-1.7833
-1.4718
-1.8318
-1.884
-1.7767
-1.9479
-2.8897
-2.2013
-2.4736
-1.8362
-1.9888
-1.7834
-2.2993
-2.2882
-1.6125
-2.636
-1.5729
-2.5298
-2.2751
-1.6909
-1.8817
-1.5575
-1.5339
-2.0469
-1.8269
-1.9419
-1.809
-1.875
-2.6237
-1.2482
-1.1277
-1.6287
-1.7496
-2.0485
-1.841
-1.7963
-1.4068
-2.1846
-2.0902
-2.0655
-1.4808
-1.4791
-2.1014
-2.1927
-2.3054
-2.3382
-2.2692
-2.4128
-2.0036
-2.297
-2.0421
-1.728
-1.9861
-2.3065
-2.0044
-2.2722
-2.5328
-2.0627
-2.3332
-2.1802
-1.9617
-2.2974
-2.2234
-2.1419
-1.7031
-1.9176
-1.7606
-1.5332
-1.5666
-1.8662
-1.966
-1.849
-1.8399
-2.3371
-2.6272
-2.0829
-1.7142
-2.7291
-1.3388
-2.0529
-1.7902
-2.3192
-1.8629
-1.8095
-2.2786
-1.9845
-2.3252
-2.4664
-3.0187
-2.3343
-1.9029
-1.9462
-2.0796
-1.8534
-1.8781
-1.93
-2.3319
-2.0909
-2.074
-2.3083
-2.0384
-2.046
-1.7536
-2.5392
-1.3939
-2.0772
-2.2304
-2.0596
-2.2431
-1.8942
-2.1272
-2.351
-1.8545
-2.1576
-1.9927
-2.1981
-1.5866
-2.2188
-2.1992
-1.9354
-1.9893
-2.2432
-1.7066
-2.1975
-1.8062
-1.5144
-1.3918
-1.3045
-2.16
-2.0498
-2.2749
-2.3807
-1.8274
-2.3655
-2.197
-1.3133
-2.4986
-1.8452
-2.6448
-2.1517
-2.1036
-1.5438
-2.2155
-2.5636
-2.1538
-2.4197
-1.8823
-2.3598
-2.3333
-1.5619
-2.3509
-2.119
-1.9466
-1.3648
-1.47
-2.0738
-2.4293
-1.2987
-2.0494
-1.9259
-2.0691
-2.0444
-2.3906
-1.9199
-1.9507
-2.1043
-2.3012
-2.0446
-2.3564
-1.5945
-2.6791
-1.8825
-2.5721
-1.0992
-1.7565
-1.6627
-2.6161
-1.7657
-1.9548
-1.2259
-2.0726
-1.9349
-2.1446
-2.3458
-1.9131
-1.4932
-2.2028
-1.2643
-2.1335
-2.3424
-2.4349
-2.1218
-2.1015
-1.8891
-2.4667
-2.8764
-2.1039
-1.8707
-1.4793
-1.7609
-2.2195
-1.909
-2.0609
-1.7512
-2.5981
-2.0661
-2.1786
-2.5304
-2.1269
-1.9849
-1.6169
-1.734
-2.0206
-1.6092
-2.3443
-1.7803
-2.287
-1.7751
-2.059
-2.5819
-2.5056
-1.6848
-2.0129
-2.4011
-2.233
-1.3191
-1.465
-2.0219
-2.0507
-1.8716
-1.7189
-1.6482
-2.1074
-1.7501
-1.9375
-1.8835
-1.6235
-1.6317
-1.8107
-2.1719
-1.8584
-2.0374
-1.9802
-1.4881
-2.8148
-2.3562
-1.9929
-2.5122
-2.4012
-1.6307
-2.2333
-1.4666
-2.463
-1.7418
-1.5734
-1.6294
-1.9057
-1.6634
-1.4792
-1.6486
-2.2198
-1.9288
-1.8291
-2.0917
-1.8622
-1.8827
-1.1514
-1.5804
-1.8502
-1.8251
-1.5465
-1.8848
-2.2724
-2.3257
-2.0307
-2.0551
-1.6427
-1.5716
-1.3718
-2.0665
-2.119
-2.7882
-2.4389
-2.6939
-1.4702
-2.424
-1.5975
-2.1343
-1.8578
-1.9881
-1.9865
-2.5631
-1.7696
-1.9154
-1.8848
-1.8165
-1.8415
-1.6241
-2.4425
-2.173
-2.3832
-1.6881
-2.1829
-1.5326
-2.104
-2.3251
-1.5259
-2.0139
-2.0472
-2.0274
-1.5793
-1.6324
-1.9325
-1.7216
-2.4728
-2.095
-1.4789
-2.4307
-1.59
-1.933
-1.6712
-1.9307
-1.8681
-1.4633
-2.0203
-2.6839
-1.9934
-1.9957
-1.6772
-2.046
-2.2234
-2.3033
-1.5296
-2.7816
-2.3624
-1.6478
-1.456
-2.2399
-2.8066
-2.0392
-1.6243
-2.2291
-2.006
-2.2086
-1.6589
-2.4403
-1.8809
-1.1657
-1.9138
-1.3511
-1.9757
-1.8275
-1.9357
-1.3625
-1.9748
-1.8682
-1.9192
-2.0749
-1.7578
-1.5277
-1.6958
-1.9061
-2.2961
-1.8662
-2.422
-2.2754
-1.7187
-1.9538
-1.5213
-1.9348
-2.3159
-1.3762
-2.5608
-2.2752
-2.5264
-2.246
-2.111
-2.2615
-1.7051
-2.0039
-2.9365
-2.193
-2.0259
-1.7323
-2.0837
-1.965
-2.3828
-2.4608
-2.2627
-1.4379
-2.0515
-1.5411
-1.8243
-1.6401
-2.3878
-1.3595
-2.031
-2.1934
-2.3726
-2.846
-2.6957
-1.6406
-1.4643
-1.9581
-1.3209
-2.0571
-1.9429
-2.1902
-2.2328
-2.7091
-1.9961
-1.5974
-1.6049
-1.8201
-2.2003
-1.7237
-1.6932
-2.4052
-2.08
-2.4503
-2.1215
-1.5521
-2.32
-2.2171
-1.2051
-1.8526
-2.4954
-1.723
-2.0007
-2.3895
-2.1173
-2.7982
-2.0464
-2.3133
-2.0634
-1.2779
-1.7168
-2.1562
-1.8189
-2.9386
-2.4521
-1.8561
-1.4446
-2.2818
-2.5743
-2.6922
-2.0434
-2.0793
-2.7097
-2.0012
-1.9698
-2.2975
-2.2135
-1.6717
-2.1227
-2.5388
-2.08
-1.6759
-1.7305
-1.9642
-1.9826
-2.0589
-1.3403
-2.0066
-3.0974
-2.1758
-2.5462
-2.349
-1.4184
-2.0335
-2.0787
-2.4353
-1.5735
-1.7814
-2.5517
-1.947
-2.1334
-2.0938
-1.4423
-1.9148
-1.7157
-2.7878
-1.5989
-2.2438
-2.0978
-2.6399
-1.4997
-1.7648
-1.8477
-2.2184
-1.7484
-1.5682
-1.4735
-2.0792
-1.3482
-2.4179
-1.4016
-2.338
-1.8697
-1.9563
-1.6604
-1.8719
-1.3867
-2.216
-2.5265
-1.8206
-1.9279
-1.56
-1.0783
-2.5921
-2.7575
-1.9292
-2.2553
-1.8884
-2.3158
-1.5876
-1.8671
-2.546
-1.9348
-2.1555
-1.6178
-1.8693
-1.77
-1.561
-2.0221
-1.5871
-2.2412
-1.8497
-1.6823
-1.8731
-1.9461
-1.8058
-1.9674
-2.132
-1.8813
-2.2082
-2.3197
-2.3883
-2.251
-2.0401
-2.2109
-1.9009
-1.3463
-2.0374
-2.1411
-2.4287
-2.0262
-1.659
-2.2397
-2.0413
-1.8479
-2.0418
-2.4405
-2.0665
-1.2611
-1.2812
-2.4205
-2.8021
-2.0515
-2.2037
-2.8124
-2.1226
-1.8263
-2.0943
-1.996
-1.8134
-2.1509
-2.0061
-1.8159
-1.3968
-1.9257
-2.1088
-1.5935
-2.2224
-2.2695
-2.3896
-2.0327
-2.2127
-1.9955
-2.2479
-1.8775
-2.316
-2.5183
-2.4145
-2.0749
-2.1671
-1.5382
-1.673
-2.4106
-2.3085
-2.5242
-2.1318
-2.0357
-1.8474
-1.8946
-2.1943
-2.1757
-2.0002
-1.885
-2.0892
-2.0648
-1.4667
-2.1156
-1.6909
-1.7933
-2.2019
-1.7136
-1.65
-1.8453
-2.1819
-2.1456
-1.4661
-1.9025
-1.924
-1.9507
-2.5615
-1.5109
-1.8723
-2.2604
-1.3713
-2.2963
-2.3577
-1.8806
-2.4888
-1.562
-1.6456
-1.6857
-1.8976
-1.4062
-2.0037
-2.4147
-1.6501
-1.9225
-2.489
-1.8778
-2.3315
-1.5713
-2.154
-1.9217
-1.6706
-1.5231
-1.8589
-2.1554
-2.1958
-2.4604
-2.4392
-2.2025
-1.9851
-1.597
-2.5165
-2.3775
-2.103
-2.3172
-2.5839
-2.2523
-1.7993
-1.6158
-2.5287
-1.8488
-1.8588
-2.3935
-2.1637
-1.7068
-1.8684
-1.4937
-1.0682
-1.8558
-2.0594
-2.5703
-1.0282
-2.5481
-1.3739
-2.3133
-2.0521
-1.9152
-1.5802
-2.0422
-2.4192
-1.9335
-2.1604
-1.7742
-1.798
-1.8737
-1.4029
-2.0339
-1.0507
-2.0592
-1.9574
-1.7631
-1.7273
-2.7792
-1.9726
-2.3116
-1.8506
-2.7576
-2.598
-1.4174
-2.2776
-1.4582
-3.0868
-1.9017
-1.5556
-2.489
-2.5854
-1.9392
-2.3898
-2.0725
-1.6342
-2.3547
-1.6474
-2.064
-1.5154
-1.2094
-1.9295
-1.8352
-2.7224
-2.3766
-2.2761
-1.6832
-1.9677
-1.7946
-1.2356
-2.148
-2.5065
-1.2604
-1.409
-2.0328
-1.8942
-2.066
-1.8876
-1.9305
-1.6009
-2.5432
-1.6335
-1.6331
-1.4649
-2.2648
-1.8284
-2.4075
-1.5217
-2.4466
-2.0996
-2.2824
-2.2707
-1.5729
-2.1769
-1.5915
-1.6119
-1.2426
-1.6927
-2.2504
-2.1862
-2.5685
-2.372
-2.0837
-1.8137
-1.8598
-1.4551
-2.2878
-2.4987
-2.4561
-2.1369
-1.3554
-2.0486
-2.4051
-2.6566
-2.0665
-1.7195
-1.5713
-2.511
-2.4797
-1.7635
-2.1675
-1.6401
-2.4201
-1.8635
-2.6133
-1.5479
-1.77
-2.7039
-1.6123
-1.8402
-1.5732
-1.671
-2.0366
-1.807
-2.0924
-1.6228
-1.6148
-1.9289
-2.1711
-1.59
-2.2732
-1.7524
-2.3769
-2.3111
-2.0991
-2.6631
-2.1227
-1.9351
-1.3607
-2.4396
-2.146
-2.1538
-1.8812
-2.5531
-1.1381
-1.9463
-1.6238
-1.5413
-2.022
-2.0149
-1.8829
-1.4858
-2.5219
-2.1472
-1.8795
-2.4606
-2.441
-2.3152
-2.0256
-1.6258
-1.8009
-2.437
-1.9448
-2.1787
-1.9813
-2.2422
-1.8706
-2.3247
-2.3131
-1.9775
-2.0794
-1.6684
-1.8642
-2.0993
-1.9276
-2.1687
-1.9686
-1.7282
-1.8703
-1.6429
-2.3343
-2.7088
-1.6747
-1.7785
-2.688
-2.4551
-2.2541
-1.7805
-1.2557
-2.0559
-1.2157
-1.2606
-1.762
-2.0759
-1.4843
-1.8047
-1.73
-2.7873
-2.0588
-1.8757
-1.7351
-2.1072
-2.2621
-1.4929
-1.9004
-2.2346
-2.542
-1.9774
-1.9187
-2.0801
-2.2609
-2.0993
-3.094
-1.7985
-2.2721
-1.7954
-1.7278
-1.9896
-2.0131
-1.3633
-2.3461
-1.6981
-1.8456
-1.4739
-1.5121
-2.4921
-1.9505
-2.3312
-1.0168
-1.7315
-1.5022
-1.9671
-1.9728
-2.0105
-1.6345
-1.9731
-1.9439
-1.4934
-2.0069
-2.7342
-1.838
-1.9578
-1.6133
-1.8763
-2.1082
-1.2046
-1.6551
-1.8571
-2.5848
-1.786
-1.9312
-2.5818
-1.9302
-2.3402
-2.3541
-2.4052
-1.8276
-1.9621
-1.3817
-2.063
-2.5552
-1.2034
-2.4838
-1.5116
-2.0706
-2.358
-1.683
-1.6266
-2.2803
-2.0538
-1.4756
-1.994
-0.9488
-1.8831
-1.7581
-2.3054
-1.9424
-1.5351
-1.5496
-2.0393
-2.2669
-1.7333
-1.6191
-2.1791
-2.1385
-1.9693
-1.9522
-1.6534
-2.0071
-2.0482
-1.9319
-1.5605
-1.6293
-2.4297
-1.7436
-2.3331
-1.7096
-1.9071
-2.6217
-2.4552
-1.5102
-1.6563
-2.0058
-1.7856
-1.7047
-1.9847
-1.1681
-2.3304
-2.1789
-2.4639
-1.7431
-2.2954
-2.1746
-1.9117
-1.4118
-2.394
-1.7157
-1.5929
-1.6655
-1.7392
-1.7788
-1.9439
-1.9757
-2.2896
-1.9104
-1.8026
-2.0458
-2.8262
-1.7916
-1.9243
-1.4063
-1.7198
-1.1481
-2.6229
-2.2987
-1.8564
-2.2928
-1.3335
-1.4414
-2.2603
-2.1276
-2.7006
-1.7932
-1.8546
-2.1589
-2.0725
-2.6081
-1.6956
-2.5109
-1.7026
-1.5503
-1.3958
-2.221
-2.53
-2.5146
-2.1543
-1.9393
-1.4214
-1.9439
-1.236
-2.1437
-2.4379
-1.9646
-2.4875
-1.8296
-1.4968
-1.9862
-1.6153
-2.4359
-2.1378
-1.4274
-1.7853
-1.8145
-1.5743
-1.9621
-2.2237
-1.916
-2.5747
-2.1765
-2.7575
-1.6535
-1.7479
-2.2065
-1.5568
-2.0421
-1.8362
-1.5384
-1.853
-2.2766
-1.4109
-1.8397
-1.6686
-1.92
-1.291
-1.96
-1.6884
-2.4944
-1.7858
-1.8732
-2.8946
-1.8112
-2.8186
-2.1474
-2.5066
-2.1482
-2.0043
-2.4775
-2.2352
-1.8532
-1.2763
-1.564
-2.0513
-1.9281
-2.4578
-1.876
-1.6108
-1.6873
-1.7376
-2.3164
-2.172
-1.8839
-1.8563
-1.9814
-1.7651
-2.4213
-2.5061
-1.7372
-1.7515
-2.1115
-1.9831
-1.9948
-2.1277
-2.0576
-1.8112
-1.5034
-2.9125
-1.2201
-1.6178
-1.2363
-2.7192
-2.2034
-1.7633
-1.8286
-2.357
-1.9896
-2.4617
-2.0956
-1.5283
-1.9122
-2.0726
-1.9917
-1.2261
-2.5387
-1.9478
-1.8958
-1.5338
-2.5121
-2.3828
-1.6562
-2.2249
-1.9592
-2.2516
-1.6635
-1.6531
-2.3999
-1.6257
-1.8585
-1.1642
-1.8017
-2.1099
-2.2577
-1.2939
-2.0646
-2.731
-2.0841
-2.4524
-1.7832
-1.8204
-1.0246
-1.7618
-2.2247
-2.1919
-2.185
-1.5943
-2.5673
-1.5182
-1.7199
-2.0329
-2.6231
-1.8888
-1.7833
-2.1202
-2.3491
-1.0183
-1.848
-1.945
-1.6485
-1.9084
-2.1239
-2.0237
-1.988
-1.4631
-2.0555
-1.6025
-1.6526
-2.151
-1.6978
-2.2482
-2.4271
-2.1027
-1.1581
-1.9304
-1.6836
-0.7435
-1.8451
-2.0235
-1.6423
-2.1636
-1.869
-1.9295
-1.9485
-2.0705
-1.6814
-1.7856
-2.1451
-1.7196
-1.7743
-2.5652
-1.4199
-1.5633
-2.2622
-1.704
-2.5357
-2.0584
-2.7279
-1.492
-2.6589
-1.9454
-1.9607
-1.6616
-1.7586
-2.1222
-1.1783
-2.2695
-1.7811
-2.0367
-1.9275
-1.4781
-2.0689
-2.1135
-2.0981
-1.6968
-2.2144
-2.2343
-1.5113
-1.6298
-2.156
-1.7605
-2.1702
-1.6058
-1.9065
-1.531
-1.9564
-1.6495
-1.9107
-2.4348
-1.5277
-1.9679
-1.4809
-1.6267
-2.1354
-1.7804
-1.8466
-2.0088
-2.2771
-2.1029
-1.4453
-2.2542
-1.8272
-1.8786
-2.081
-2.3065
-1.7958
-2.2673
-3.0962
-1.4586
-2.0141
-1.6392
-1.1502
-1.6393
-2.0353
-1.7447
-1.7828
-2.0522
-0.8899
-2.6194
-1.7509
-2.6838
-1.3763
-2.1051
-2.2752
-2.0405
-2.4811
-2.3094
-1.8046
-1.5685
-2.2709
-1.7917
-1.6174
-1.9083
-2.3403
-2.0212
-2.0986
-2.1094
-1.8566
-1.3168
-1.5988
-1.5808
-1.9646
-2.1036
-1.3718
-1.3784
-1.6479
-1.8253
-1.8571
-2.1801
-2.6944
-2.5998
-1.8801
-1.9691
-1.601
-1.7164
-1.8964
-2.8205
-2.3879
-2.0614
-2.2247
-1.7187
-1.8011
-1.6262
-1.5751
-2.1839
-1.2077
-1.6022
-1.2439
-1.9419
-2.0664
-1.4971
-2.2307
-1.4867
-2.0717
-2.1639
-2.4195
-2.1595
-2.3323
-2.3731
-2.1914
-1.8524
-2.1797
-1.2897
-1.3451
-1.9464
-2.5043
-2.3057
-2.1208
-1.6847
-2.0861
-1.5196
-2.0976
-2.4298
-2.2011
-1.9947
-1.906
-2.1705
-1.3377
-1.6654
-2.2164
-1.9506
-2.083
-1.6716
-1.6835
-1.7558
-1.8299
-1.6633
-2.3736
-2.1788
-1.8149
-1.9402
-2.0911
-1.5408
-2.0366
-1.9054
-1.5952
-1.9711
-1.9257
-2.2752
-2.2149
-1.6424
-2.3254
-2.3015
-2.2881
-1.762
-2.1445
-2.0188
-1.585
-1.216
-2.0825
-2.1227
-2.5984
-2.5082
-2.3186
-1.9253
-1.2957
-2.5694
-2.0909
-1.6711
-1.6942
-1.6864
-1.8264
-1.9665
-2.0077
-1.8724
-1.8606
-1.3872
-1.3927
-1.6471
-2.0099
-1.8767
-1.6922
-1.3725
-2.1917
-1.9709
-2.2785
-1.8525
-2.4383
-1.6486
-1.7578
-2.4621
-1.9238
-2.1182
-2.3171
-1.4178
-1.8912
-1.6498
-2.2607
-1.5053
-1.8286
-1.9305
-1.5489
-2.0495
-0.9892
-1.5918
-1.5709
-2.2756
-1.3281
-2.9262
-1.749
-1.5977
-1.6035
-2.3458
-2.4572
-1.5793
-2.6932
-1.6602
-1.6881
-1.6845
-2.5777
-1.6956
-1.8636
-2.4384
-1.8736
-2.369
-1.8231
-1.8153
-2.0536
-2.3921
-2.0841
-1.8267
-1.5884
-1.7298
-1.7956
-2.2053
-0.8904
-2.713
-2.1596
-1.556
-2.142
-2.2373
-2.2905
-1.9007
-2.7176
-2.6168
-1.7141
-2.4737
-2.5692
-1.7691
-1.2973
-1.5504
-2.2003
-1.9807
-1.3806
-1.6928
-2.0863
-2.8197
-2.7272
-2.6219
-2.0214
-2.0098
-1.5821
-1.8945
-1.908
-2.223
-1.9036
-1.9432
-1.4048
-1.5594
-1.9038
-2.2348
-0.9959
-2.8194
-1.7636
-2.2786
-2.2685
-1.8053
-1.5825
-1.8244
-1.9709
-1.1751
-2.1985
-1.3152
-2.2628
-1.7285
-2.7229
-1.544
-1.5881
-1.7595
-2.1194
-2.0808
-2.1893
-2.4074
-2.3705
-1.9795
-1.94
-1.8749
-1.7623
-2.8379
-2.4867
-1.3504
-1.4157
-1.1895
-2.4453
-1.8173
-2.1117
-1.9025
-1.6706
-1.5565
-1.6012
-2.289
-2.0492
-1.7888
-1.481
-2.406
-1.4631
-1.6457
-2.4621
-2.1473
-1.4144
-2.3
-2.2017
-1.9033
-1.9142
-2.3281
-1.4242
-1.7938
-1.5522
-2.3388
-1.4847
-2.3195
-1.2788
-1.7664
-2.491
-2.01
-2.6788
-1.5094
-1.341
-1.9771
-1.4844
-2.2219
-1.3608
-2.2457
-2.1134
-2.5536
-1.2319
-1.8983
-1.4861
-1.3265
-1.8757
-2.5522
-2.088
-2.0056
-1.8935
-1.8697
-1.832
-3.0658
-1.195
-2.3127
-1.9057
-2.4247
-2.0294
-1.5117
-1.9559
-2.5076
-3.0633
-1.6698
-2.2202
-2.5376
-2.5703
-1.989
-2.0434
-2.089
-2.1926
-1.1678
-1.7615
-2.2105
-2.6243
-2.5235
-2.0467
-2.2847
-1.8339
-1.6638
-1.3437
-2.7761
-1.7406
-2.3668
-1.685
-2.2766
-2.262
-2.0083
-1.954
-1.7592
-2.086
-2.3806
-1.4929
-2.1385
-1.8799
-2.9414
-2.1078
-1.9745
-1.9924
-1.8009
-1.7115
-2.1051
-2.27
-1.9184
-1.6754
-1.9529
-1.9126
-1.1361
-1.8418
-1.6226
-1.8137
-1.6162
-2.097
-2.3105
-2.1331
-1.55
-2.1368
-2.8831
-1.8609
-1.3732
-2.3255
-1.8841
-1.639
-2.6302
-2.4349
-1.4148
-1.8928
-1.5399
-1.9774
-1.776
-2.7375
-1.4916
-2.0413
-2.0155
-2.0622
-2.1521
-1.4253
-0.901
-1.9789
-2.1164
-1.8721
-1.7981
-2.1166
-2.2263
-2.263
-2.3269
-2.13
-2.2507
-2.0003
-1.9926
-1.6534
-1.6086
-1.7326
-1.4777
-1.8143
-1.8512
-1.9567
-2.0716
-1.6594
-2.4079
-1.9028
-1.6994
-1.7668
-1.8601
-1.4861
-2.6389
-2.3655
-1.9951
-1.3748
-1.9621
-1.6743
-2.6992
-1.8772
-1.806
-1.9475
-1.6885
-1.882
-1.9464
-1.8676
-1.9284
-1.9514
-1.6678
-1.9701
-1.3047
-1.387
-1.847
-1.6094
-2.5824
-1.8169
-2.0099
-1.6719
-2.4231
-2.3223
-1.5267
-2.0489
-1.5202
-2.0306
-1.5192
-1.6768
-2.4667
-1.8183
-2.4862
-2.7153
-2.0699
-2.0894
-1.8411
-2.1032
-1.7265
-2.0166
-2.2965
-1.957
-2.2502
-1.8553
-1.5846
-1.552
-2.7454
-1.805
-2.1973
-2.5569
-1.7964
-1.8532
-1.6613
-1.503
-2.1001
-2.0811
-1.8046
-1.7565
-1.4299
-1.8752
-1.7054
-1.719
-1.8393
-1.4739
-1.7651
-1.9801
-2.0458
-1.9845
-2.4331
-1.4682
-1.8285
-1.8683
-1.8053
-2.6805
-2.0234
-1.4868
-1.5515
-2.0309
-2.1108
-2.0395
-2.8615
-2.883
-2.4007
-1.7512
-1.9638
-1.8799
-1.1882
-2.6539
-1.9195
-1.5383
-1.495
-1.7865
-2.566
-1.8509
-1.3014
-1.7839
-1.5622
-2.077
-2.6246
-1.5625
-2.4659
-2.4781
-2.2231
-2.1503
-1.1953
-2.107
-2.3632
-2.4714
-1.7644
-2.1874
-2.5767
-2.1727
-2.2558
-2.0283
-2.3736
-1.8332
-1.5022
-2.369
-2.2645
-1.8767
-2.1091
-1.8011
-2.2895
-2.1597
-1.7855
-1.5455
-1.6791
-1.922
-1.7615
-1.5456
-2.502
-2.0713
-2.1315
-1.657
-2.226
-1.1991
-1.979
-2.0361
-2.021
-1.9258
-2.627
-2.0106
-1.8698
-1.9614
-2.2211
-1.8995
-2.3964
-1.8631
-1.579
-2.3922
-1.8628
-0.9824
-1.9138
-2.0209
-1.4879
-2.0403
-2.9629
-2.1206
-1.7989
-1.8832
-2.3298
-1.8952
-1.9581
-2.7626
-1.2303
-2.3517
-1.9002
-2.2098
-1.9328
-1.516
-1.785
-1.7027
-2.2184
-2.2009
-1.9308
-2.4813
-1.4216
-1.9972
-1.8809
-2.1376
-0.9334
-1.3367
-2.1233
-1.3266
-1.9491
-1.8241
-2.2717
-1.9987
-1.179
-2.4371
-1.5497
-2.0832
-2.8322
-1.4694
-1.4522
-2.1863
-1.8419
-2.2211
-1.2359
-1.8628
-0.7626
-1.8376
-1.9423
-2.0055
-2.8252
-2.2055
-2.1713
-2.3002
-2.1821
-1.4934
-1.5431
-1.3587
-1.3323
-1.7951
-2.4189
-1.9344
-1.9141
-1.6505
-1.6281
-2.4288
-1.8769
-2.4166
-1.5434
-1.8037
-1.6983
-1.8563
-2.2817
-2.2469
-1.7942
-2.3383
-1.639
-2.0599
-1.8702
-2.2612
-1.5738
-1.8242
-1.8924
-2.3936
-2.1869
-1.7174
-1.6193
-1.8814
-1.6949
-2.4372
-2.0816
-1.4958
-1.4839
-2.0164
-1.9131
-1.5409
-1.5568
-1.5657
-1.946
-2.0497
-2.6594
-1.8424
-1.4434
-1.9251
-1.5965
-1.7144
-1.3626
-2.2158
-2.3805
-1.9111
-2.0831
-1.2751
-2.5195
-2.9185
-2.5291
-2.4032
-1.845
-2.1706
-2.1503
-1.8059
-1.9079
-1.7563
-1.4779
-2.5463
-2.4636
-1.603
-1.9953
-1.605
-2.0345
-1.5994
-1.8791
-1.9521
-1.9832
-2.4146
-1.8172
-1.9455
-1.9158
-2.6826
-2.0069
-1.4895
-1.3969
-1.9713
-1.4777
-1.6936
-1.7311
-2.2689
-2.2599
-2.5756
-2.2727
-2.1447
-1.4307
-2.6561
-1.8986
-2.2319
-2.1018
-1.9683
-2.5838
-2.0755
-1.79
-1.6282
-2.4099
-1.8264
-2.1674
-1.67
-2.2974
-2.0461
-1.7454
-2.1104
-2.2623
-2.3371
-2.1396
-2.3073
-1.3496
-1.964
-1.6622
-1.4418
-2.0111
-2.3206
-2.1731
-1.0957
-1.9136
-2.1372
-2.3327
-1.7926
-1.9687
-2.4841
-2.0967
-2.0613
-2.4012
-2.4567
-1.4638
-1.9637
-1.6177
-2.4796
-1.5364
-1.9758
-1.716
-1.9133
-1.8325
-1.4572
-1.6866
-2.4644
-1.9019
-1.9709
-2.2602
-1.988
-2.3959
-1.8392
-1.8762
-2.2526
-2.2649
-1.8692
-2.227
-1.3014
-1.5702
-2.0891
-1.1632
-1.9684
-1.9747
-3.1586
-2.6925
-1.8356
-1.9124
-2.3358
-1.9864
-2.0475
-1.3844
-2.0859
-2.0837
-2.8806
-2.084
-1.5349
-1.893
-2.1829
-1.8377
-2.5412
-1.675
-1.9733
-2.1215
-2.7012
-2.5397
-2.7088
-1.4959
-1.5963
-1.6919
-2.0336
-2.2405
-2.1867
-1.6095
-2.0355
-2.3646
-2.5622
-1.8114
-2.1502
-2.228
-1.5862
-2.1603
-1.386
-1.8449
-2.183
-1.8666
-1.7417
-1.9175
-2.3692
-1.0599
-2.1796
-2.2469
-2.2308
-1.9864
-2.1487
-1.7651
-1.6971
-2.0499
-1.4182
-2.2563
-1.3315
-2.2349
-2.0128
-1.8627
-2.3429
-1.9171
-1.6392
-1.5678
-1.7309
-2.784
-1.9126
-2.0766
-1.7723
-2.4715
-1.9449
-2.2202
-1.971
-2.2861
-2.4457
-2.7132
-2.161
-1.7146
-2.7886
-1.3549
-2.1732
-1.603
-2.2204
-2.3602
-1.4913
-1.7534
-2.1218
-2.029
-2.4355
-2.4211
-2.1119
-2.0965
-2.3349
-2.0947
-1.7233
-1.5256
-1.7739
-1.9094
-1.9548
-2.4712
-1.4728
-2.248
-2.1037
-2.3635
-1.5751
-1.8921
-2.1854
-1.894
-1.8955
-2.7229
-2.5062
-3.0939
-2.169
-2.335
-2.2343
-1.2183
-2.3178
-1.8385
-2.1761
-2.4282
-1.9245
-1.2762
-1.822
-1.8529
-2.1035
-1.9505
-2.0335
-1.8875
-1.7215
-2.4082
-2.8253
-2.2494
-1.8579
-1.5277
-2.4946
-1.5767
-2.3999
-0.9676
-1.6596
-2.3104
-2.0325
-1.646
-2.0894
-1.5915
-2.0132
-1.9035
-1.4445
-1.4265
-1.5491
-1.9952
-2.4388
-1.3638
-2.2447
-2.7104
-2.0381
-1.3351
-2.7158
-1.4133
-2.4127
-1.9269
-2.2862
-2.1335
-2.203
-2.3108
-2.1384
-2.163
-1.5746
-2.1237
-2.229
-2.2701
-1.8292
-1.8082
-1.7757
-1.938
-1.6946
-2.5331
-1.5555
-1.7235
-1.4664
-1.9455
-2.384
-2.0371
-2.1215
-1.9321
-2.2125
-2.0071
-1.9406
-2.1484
-1.7173
-1.5918
-2.5093
-2.6932
-2.5575
-1.8631
-1.5628
-1.6139
-1.9679
-1.5275
-2.5207
-2.0693
-1.7469
-1.4963
-2.1153
-1.8427
-1.5766
-1.3466
-2.0232
-1.9624
-1.7405
-2.2878
-2.5938
-2.041
-2.5537
-2.1666
-2.1578
-2.5821
-1.8225
-1.6638
-2.6581
-1.6124
-1.4308
-2.5911
-2.0254
-1.7955
-1.6388
-2.1235
-0.7162
-1.3034
-1.6107
-2.478
-2.3926
-2.3048
-1.9508
-1.5132
-1.7982
-1.6113
-2.279
-2.3464
-1.6631
-2.1626
-1.9398
-1.9732
-1.5806
-2.1135
-1.823
-1.7555
-1.8566
-2.2609
-1.2459
-1.9133
-1.5564
-1.744
-2.2608
-2.0295
-2.0376
-1.5903
-1.7043
-2.4286
-1.912
-2.3753
-1.7757
-1.9569
-2.2068
-1.8894
-2.6546
-1.4523
-1.1384
-1.9069
-1.3742
-2.1115
-1.4406
-2.6812
-2.491
-1.7186
-1.7897
-2.0071
-2.134
-1.8916
-1.8331
-1.842
-1.985
-2.3526
-1.6826
-1.2094
-1.9941
-1.6249
-1.7428
-1.5263
-2.8982
-2.2568
-1.5172
-2.386
-1.9668
-2.2673
-1.9773
-1.7201
-1.4827
-2.5367
-2.1376
-1.8133
-2.2254
-1.9982
-1.3848
-2.0893
-1.8744
-2.3089
-1.8109
-1.8561
-2.2822
-2.0083
-2.1199
-2.2004
-1.4283
-2.1424
-2.594
-2.6504
-2.0509
-1.8382
-2.4657
-2.4059
-2.2609
-2.2437
-2.0998
-2.4321
-1.7703
-1.5112
-1.6103
-1.7626
-2.1438
-1.0188
-2.8957
-2.4555
-1.9041
-1.7093
-1.7448
-1.9249
-2.0129
-2.0368
-2.2172
-2.4079
-1.4196
-2.064
-1.687
-2.5361
-1.5602
-2.2445
-1.917
-2.2006
-0.7965
-2.0395
-1.9728
-2.1377
-2.1188
-1.7776
-1.8827
-2.3513
-2.5072
-1.8843
-2.0095
-1.5696
-1.8803
-2.0176
-2.5409
-1.6658
-2.5082
-2.228
-2.3517
-1.6038
-2.187
-1.0467
-1.5835
-1.7345
-1.3825
-2.0728
-2.2522
-2.373
-2.5694
-1.4042
-1.8168
-2.3113
-1.9535
-1.8834
-1.3743
-1.2818
-1.2649
-1.4493
-2.4373
-1.8065
-2.1537
-2.0616
-2.1526
-1.5385
-1.5815
-2.334
-2.2457
-2.0762
-2.0131
-2.2426
-3.2813
-2.2748
-2.1495
-2.3647
-2.2849
-1.7994
-2.0273
-1.8699
-2.0171
-2.0194
-1.6379
-2.2156
-1.7258
-1.5701
-1.9051
-2.1701
-1.9695
-1.8952
-2.3764
-2.3499
-1.7348
-1.4953
-2.0136
-2.3627
-2.0688
-1.8353
-2.1715
-1.5887
-0.6572
-2.1082
-2.3188
-2.4356
-1.7298
-2.2232
-2.0576
-1.8689
-1.6896
-2.0602
-2.4815
-1.723
-1.6917
-1.6883
-1.9775
-2.0091
-2.3302
-2.1672
-2.035
-1.8631
-1.9451
-0.8842
-2.6853
-1.3069
-2.3181
-1.9939
-2.128
-1.3969
-2.7128
-2.1174
-1.7935
-1.8178
-2.524
-2.6323
-2.1219
-1.4355
-2.1143
-2.2469
-1.9138
-2.3959
-1.9513
-2.0255
-1.8856
-2.1916
-1.4014
-2.1621
-1.8032
-2.015
-1.7397
-2.0436
-2.5237
-2.3256
-2.0321
-1.8241
-2.37
-2.2768
-2.2537
-1.8146
-1.8254
-1.3127
-1.4896
-1.889
-2.1322
-2.1168
-1.3379
-2.0562
-1.9282
-2.2789
-1.6427
-2.2181
-1.8608
-1.853
-2.3736
-1.6142
-1.9819
-1.5648
-2.0965
-2.2205
-2.503
-2.8968
-1.9734
-2.0188
-1.4144
-2.0856
-2.683
-1.5012
-1.8091
-1.2974
-2.1615
-2.1319
-1.4965
-2.1857
-2.2345
-1.523
-1.5568
-1.7044
-2.5178
-1.6976
-1.4438
-1.3367
-2.2072
-1.5937
-2.0913
-2.1006
-2.1644
-1.812
-1.2782
-2.1254
-1.8613
-2.0516
-1.5935
-1.9869
-1.3549
-1.9793
-2.3654
-2.0021
-1.9728
-2.0821
-2.034
-2.4489
-2.5803
-1.6777
-2.61
-2.5879
-1.5863
-1.8897
-2.7678
-1.7163
-2.2799
-2.3932
-2.2093
-1.7737
-1.8351
-1.5547
-1.814
-1.7708
-1.6328
-2.4041
-1.8292
-1.8799
-1.9996
-1.7794
-2.0417
-2.5139
-2.1274
-3.0306
-2.1762
-2.311
-1.8229
-2.0064
-1.8452
-2.619
-2.6056
-1.7208
-2.0657
-1.9587
-2.8068
-2.0831
-1.6896
-1.7762
-1.9808
-2.5031
-1.9877
-1.8516
-2.0297
-2.3741
-1.7104
-1.7616
-2.147
-1.9345
-1.437
-2.5631
-1.5815
-1.3396
-2.0902
-2.2802
-2.6772
-1.7427
-2.31
-1.7347
-1.5597
-2.0901
-1.9117
-1.7977
-1.989
-1.4842
-1.9564
-2.0064
-2.2293
-2.6009
-1.6066
-1.3738
-2.039
-2.3978
-1.674
-2.0333
-0.8628
-2.1303
-2.0949
-2.4411
-2.6305
-2.2198
-2.5879
-1.7365
-2.4635
-1.6295
-2.092
-2.1751
-1.322
-2.4205
